2
0
0
0
0
0
0
0
0
0
0
0
0
0
0
0
0
0
0
0
0
0
0
0
0
0
0
0
0
0
0
0
0
0
0
0
0
0
0
0
0
0
0
0
0
0
0
0
0
0
0
0
0
0
0
0
0
0
0
0
0
0
0
0
0
0
0
0
0
0
0
0
0
0
0
0
0
0
0
0
0
0
0
0
0
0
0
0
0
0
0
0
0
0
0
0
0
0
0
0
0
0
0
0
0
0
0
0
0
0
0
0
0
0
0
0
0
0
0
0
0
0
0
0
0
0
0
0
0
0
0
0
0
0
0
0
0
0
0
0
0
0
0
0
0
0
0
0
0
0
0
0
0
0
0
0
0
0
0
0
0
0
0
0
0
0
0
0
0
0
0
0
0
0
0
0
0
0
0
0
0
0
0
0
0
0
0
0
0
0
0
0
0
0
0
0
0
0
0
0
0
0
0
0
0
0
0
0
0
0
0
0
0
0
0
0
0
0
0
0
0
0
0
0
0
0
0
0
0
0
0
0
0
0
0
0
0
0
0
0
0
0
0
0
0
0
0
0
0
0
0
0
0
0
0
128
324
324
320
324
322
314
258
260
258
236
258
332
236
258
236
258
258
236
234
236
234
308
258
235
259
258
284
234
260
234
236
234
236
234
234
236
233
235
234
275
269
234
258
238
232
234
236
234
236
234
234
236
234
234
235
235
234
236
234
236
258
234
234
236
258
284
282
236
282
236
234
234
260
234
236
234
234
260
234
260
234
284
233
235
258
380
259
259
236
234
234
234
236
234
235
235
258
284
260
234
260
282
236
234
236
234
234
259
283
260
236
234
234
234
234
332
260
284
330
236
234
308
258
234
236
234
236
234
234
234
236
284
282
260
258
260
258
236
258
282
236
234
235
235
234
234
236
234
234
236
234
236
234
234
236
258
234
236
234
236
234
234
236
234
236
234
234
234
284
236
258
234
234
284
260
234
258
260
234
283
235
260
258
235
283
234
262
232
234
236
234
236
258
236
234
234
258
236
234
234
236
306
282
234
260
234
258
236
234
236
234
234
234
236
234
236
234
258
236
234
235
235
234
284
260
232
236
235
235
258
258
236
234
260
306
332
236
234
284
282
234
284
234
284
234
356
234
308
234
236
234
235
233
236
284
258
258
236
258
234
260
234
234
260
236
258
234
236
234
236
234
234
234
236
259
235
258
260
258
332
260
234
234
236
234
234
284
234
234
236
234
234
236
234
260
331
259
258
236
306
260
258
236
308
234
284
234
260
232
236
260
297
293
234
260
282
236
234
234
236
234
259
283
234
234
236
234
240
254
234
236
258
236
234
235
235
258
259
235
234
234
260
236
234
234
260
282
260
236
258
234
234
236
234
236
258
306
236
234
260
234
284
282
236
234
236
234
234
236
234
235
259
234
234
260
234
259
235
258
260
260
258
258
260
282
236
260
282
332
234
260
234
236
234
258
308
234
236
258
236
258
236
234
258
236
234
236
282
236
258
235
259
260
234
234
260
234
308
234
234
260
258
284
258
236
258
260
284
234
234
236
258
236
234
234
236
259
283
258
236
234
258
260
236
234
258
236
234
236
234
234
284
306
236
234
236
234
234
235
235
234
234
260
260
234
260
260
234
234
234
236
234
258
236
234
236
282
236
234
260
258
234
284
234
236
258
260
234
234
236
234
234
284
236
234
258
236
234
234
235
235
234
236
258
236
258
284
234
262
232
234
234
284
236
318
272
282
240
254
234
236
234
260
306
260
234
258
236
234
235
233
236
234
284
258
236
234
234
284
282
236
234
236
234
259
235
234
236
258
258
236
259
283
234
235
237
232
234
236
258
236
234
260
234
234
234
236
258
236
234
258
236
234
260
282
234
236
282
236
258
236
258
258
236
264
302
234
260
234
236
258
234
234
312
231
259
258
282
236
283
235
234
260
258
236
234
234
236
234
236
234
236
232
236
235
233
236
234
236
234
260
234
234
234
236
234
258
260
234
236
234
260
258
234
260
258
236
234
236
234
234
235
235
234
259
283
236
258
260
234
234
236
234
234
236
282
260
234
260
282
260
234
258
236
234
234
235
235
258
260
260
258
236
234
234
234
236
234
236
234
235
259
234
260
258
260
234
236
234
234
234
236
234
234
236
234
236
258
236
234
258
236
282
236
234
234
260
234
284
258
284
258
236
234
236
234
234
234
236
234
259
235
234
260
282
260
259
307
260
282
236
234
236
234
234
234
260
234
236
234
234
236
258
236
