419
417
417
416
417
417
416
417
417
416
417
417
416
417
417
416
417
417
416
417
417
416
417
417
416
417
417
416
417
417
416
417
417
416
417
417
416
417
417
416
417
417
416
417
417
416
417
417
416
417
417
416
417
417
416
417
417
416
417
417
416
417
417
416
417
417
416
417
417
416
417
417
416
417
417
416
417
417
416
417
417
416
417
417
416
417
417
416
417
417
416
417
417
416
417
417
416
417
417
416
417
417
416
417
417
416
417
417
416
417
417
416
417
417
416
417
417
416
417
417
416
417
417
416
417
417
416
417
417
416
417
417
416
417
417
416
417
417
416
417
417
416
417
417
416
417
417
416
417
417
416
417
417
416
417
417
416
417
417
416
417
417
416
417
417
416
417
417
416
417
417
416
417
417
416
417
417
416
417
417
416
417
417
416
417
417
416
417
417
416
417
417
416
417
417
416
417
417
416
417
417
416
417
417
416
417
417
416
417
417
416
417
417
416
417
417
416
417
417
416
417
417
416
417
417
416
417
417
416
417
417
416
417
417
416
417
417
416
417
417
416
417
417
416
417
417
416
417
417
416
417
417
416
417
417
602
890
890
882
889
889
895
1533
1524
1493
1523
1492
1527
1493
1522
1493
1522
1533
1484
1520
1493
1522
1496
1523
1493
1522
1533
1491
1525
1483
1529
1486
1522
1493
1522
1521
1493
1522
1491
1522
1497
1522
1491
1523
1493
1521
1522
1482
1522
1493
1522
1491
1524
1491
1513
1532
1491
1511
1493
1522
1493
1523
1491
1522
1483
1529
1529
1493
1523
1494
1523
1491
1522
1483
1529
1527
1480
1524
1492
1522
1494
1522
1495
1522
1521
1493
1529
1495
1522
1493
1522
1491
1522
1523
1491
1524
1491
1522
1495
1524
1491
1524
1534
1482
1522
1493
1522
1491
1525
1493
1524
1491
1523
1522
1491
1522
1497
1524
1495
1536
1523
1480
1538
1492
1518
1486
1522
1493
1522
1491
1522
1523
1495
1523
1494
1522
1494
1529
1486
1523
1535
1482
1522
1493
1522
1491
1522
1484
1520
1532
1482
1522
1493
1522
1491
1524
1492
1521
1489
1526
1523
1482
1531
1482
1522
1493
1522
1491
1522
1525
1493
1523
1491
1522
1486
1533
1491
1523
1524
1491
1526
1491
1524
1492
1524
1493
1522
1494
1521
1522
1484
1520
1493
1523
1493
1522
1491
1523
1523
1491
1522
1489
1521
1483
1529
1487
1522
1533
1482
1522
1493
1522
1491
1522
1484
1520
1493
1522
1533
1482
1522
1493
1522
1491
1525
1494
1520
1523
1493
1522
1492
1523
1482
1522
1494
1535
1527
1493
1522
1495
1524
1491
1526
1491
1525
1521
1505
1515
1498
1520
1493
1522
1493
1520
1523
1495
1523
1492
1524
1492
1518
1487
1522
1532
1490
1527
1492
1518
1486
1522
1493
1522
1491
1522
1523
1494
1521
1492
1525
1492
1527
1494
1522
1523
1491
1522
1491
1526
1491
1522
1484
1520
1532
1482
1522
1494
1538
1482
1529
1486
1535
1524
1493
1523
1496
1521
1495
1522
1494
1520
1523
1494
1537
1482
1522
1494
1524
1493
1522
1521
1493
1522
1494
1524
1487
1526
1482
1522
1515
1500
1532
1482
1534
1482
1522
1493
1522
1492
1525
1521
1491
1522
1494
1523
1491
1518
1487
1534
1524
1493
1523
1491
1522
1482
1522
1493
1523
1535
1482
1522
1494
1528
1488
1534
1489
1515
1493
1523
1531
1482
1522
1493
1523
1491
1522
1494
1511
1535
1491
1523
1485
1533
1492
1523
1483
1534
1523
1494
1523
1497
1532
1485
1531
1482
1522
1533
1485
1532
1489
1527
1482
1533
1482
1522
1533
1489
1515
1493
1524
1493
1523
1493
1522
1493
1522
1522
1494
1522
1496
1522
1491
1524
1492
1525
1533
1482
1533
1494
1525
1487
1526
1482
1533
1523
1491
1522
1482
1535
1493
1523
1489
1515
1533
1494
1523
1491
1523
1482
1522
1493
1522
1491
1525
1535
1482
1524
1491
1522
1491
1524
1491
1522
1521
1494
1524
1491
1524
1494
1522
1482
1531
1523
1491
1523
1482
1522
1493
1534
1482
1522
1493
1524
1522
1495
1521
1493
1522
1494
1522
1491
1524
1521
1491
1525
1493
1522
1492
1524
1480
1524
1532
1491
1511
1493
1523
1493
1523
1495
1522
1504
1511
1522
1491
1525
1493
1527
1493
1524
1515
1500
1523
1491
1522
1494
1525
1494
1522
1492
1523
1522
1493
1520
1482
1529
1488
1533
1484
1520
1532
1485
1534
1482
1529
1486
1522
1494
1522
1521
1493
1523
1492
1523
1494
1524
1491
1524
1491
1521
1522
1489
1527
1482
1523
1493
1522
1491
1522
1523
1489
1527
1491
1523
1482
1522
1494
1524
1532
1482
1535
1482
1523
1493
1523
1492
1524
1516
1502
1521
1494
1522
1493
1523
1491
1522
1508
1511
1523
1492
1525
1482
1536
1491
1511
1494
1533
1523
1491
1522
1482
1522
1493
1522
1493
1520
1523
1493
1520
1482
1529
1486
1522
1494
1522
1491
1522
1523
1491
1523
1490
1526
1482
1522
1494
1523
1523
1492
1533
1482
1522
1493
1522
1491
1524
1480
1532
1525
1493
1523
1492
1525
1480
1529
1486
1522
1523
1491
1524
1494
1522
1494
1524
1494
1522
1522
1493
1522
1491
1524
1480
1533
1490
1528
1522
1493
1522
1491
1522
1484
1531
1482
1522
1493
1522
1522
1494
1522
1494
1522
1493
1522
1482
1531
1523
1491
1518
1486
1522
1493
1524
1491
1522
1492
1524
1523
1493
1522
1491
1525
1487
1529
1492
1525
1533
1482
1522
1493
1522
1491
1522
1482
1522
1535
1491
1511
1494
1534
1483
1535
1494
1524
1534
1482
1522
1493
1522
1491
1522
1494
1511
1493
1528
1526
1482
1523
1493
