5838
5834
5834
5832
5834
5834
5832
5834
5834
5832
5834
5834
5832
5834
5834
5832
5834
5834
5832
5834
5834
5832
5834
5834
5832
5834
5834
5832
5834
5834
5832
5834
5834
5832
5834
5834
5832
5834
5834
5832
5834
5834
5832
5834
5834
5832
5834
5834
5832
5834
5834
5832
5834
5834
5832
5834
5834
5832
5834
5834
5832
5834
5834
5832
5834
5834
5832
5834
5834
5832
5834
5834
5832
5834
5834
5832
5834
5834
5832
5834
5834
5832
5834
5834
5832
5834
5834
5832
5834
5834
5832
5834
5834
5832
5834
5834
5832
5834
5834
5832
5834
5834
5832
5834
5834
5832
5834
5834
5832
5834
5834
5832
5834
5834
5832
5834
5834
5832
5834
5834
5832
5834
5834
5832
5834
5834
5832
5834
5834
5832
5834
5834
5832
5834
5834
5832
5834
5834
5832
5834
5834
5832
5834
5834
5832
5834
5834
5832
5834
5834
5832
5834
5834
5832
5834
5834
5832
5834
5834
5832
5834
5834
5832
5834
5834
5832
5834
5834
5832
5834
5834
5832
5834
5834
5832
5834
5834
5832
5834
5834
5832
5834
5834
5832
5834
5834
5832
5834
5834
5832
5834
5834
5832
5834
5834
5832
5834
5834
5832
5834
5834
5832
5834
5834
5832
5834
5834
5832
5834
5834
5832
5834
5834
5832
5834
5834
5832
5834
5834
5832
5834
5834
5832
5834
5834
5832
5834
5834
5832
5834
5834
5832
5834
5834
5832
5834
5834
5832
5834
5834
5832
5834
5834
5832
5834
5834
5832
5834
5834
5832
5834
5834
5832
5834
5834
6332
7104
7103
7085
7102
7102
7134
9270
9242
9142
9224
9148
9320
9126
9238
9126
9238
9270
9096
9212
9126
9214
9204
9240
9123
9241
9270
9153
9237
9120
9221
9119
9214
9126
9214
9212
9126
9211
9117
9222
9161
9259
9120
9242
9126
9210
9216
9094
9214
9126
9214
9122
9218
9120
9186
9243
9117
9190
9126
9214
9126
9240
9122
9214
9096
9245
9293
9174
9216
9176
9216
9114
9222
9120
9221
9241
9090
9216
9150
9214
9152
9214
9178
9211
9215
9150
9372
9151
9241
9126
9214
9122
9214
9216
9122
9215
9117
9246
9170
9250
9122
9242
9294
9096
9214
9126
9214
9122
9241
9177
9242
9122
9216
9214
9122
9212
9232
9242
9178
9340
9224
9090
9328
9148
9189
9119
9214
9126
9214
9120
9216
9216
9178
9264
9152
9238
9152
9245
9119
9240
9290
9102
9214
9123
9217
9122
9214
9096
9212
9244
9094
9214
9126
9214
9122
9218
9148
9212
9101
9237
9218
9092
9236
9102
9214
9126
9214
9122
9214
9268
9126
9240
9114
9222
9148
9272
9120
9242
9242
9122
9267
9117
9250
9148
9215
9177
9214
9152
9212
9214
9096
9212
9126
9240
9126
9214
9122
9238
9218
9122
9214
9101
9291
9144
9221
9145
9214
9262
9102
9214
9126
9214
9122
9214
9096
9212
9126
9214
9262
9102
9214
9123
9217
9122
9268
9152
9210
9216
9123
9217
9148
9238
9096
9214
9152
9322
9320
9126
9214
9178
9266
9122
9270
9122
9268
9212
9263
9207
9206
9212
9126
9214
9123
9213
9216
9178
9240
9148
9218
9148
9189
9145
9214
9244
9127
9241
9148
9189
9119
9214
9126
9214
9120
9216
9216
9149
9215
9148
9244
9148
9320
9152
9214
9214
9124
9214
9122
9270
9122
9214
9096
9212
9244
9094
9214
9152
9349
9121
9245
9119
9322
9242
9150
9216
9204
9212
9178
9214
9152
9210
9216
9152
9305
9163
9214
9152
9266
9126
9214
9212
9126
9214
9149
9269
9097
9237
9096
9214
9190
9174
9244
9094
9264
9102
9214
9123
9217
9148
9241
9215
9122
9214
9144
9224
9122
9189
9145
9296
9242
9126
9240
9122
9212
9096
9214
9126
9240
9322
9094
9214
9152
9219
9171
9296
9101
9207
9126
9214
9236
9102
9214
9123
9243
9122
9214
9144
9190
9271
9117
9248
9122
9272
9148
9232
9128
9296
9216
9152
9264
9230
9244
9122
9236
9102
9214
9262
9180
9244
9101
9265
9094
9262
9102
9214
9270
9101
9207
9126
9266
9126
9240
9123
9241
9150
9214
9214
9152
9214
9204
9214
9114
9250
9148
9268
9270
9094
9270
9144
9276
9097
9237
9096
9270
9216
9120
9216
9094
9271
9177
9240
9101
9207
9270
9144
9224
9122
9232
9102
9214
9126
9214
9122
9268
9322
9094
9216
9124
9214
9122
9215
9117
9222
9212
9144
9250
9122
9242
9152
9214
9092
9236
9224
9122
9240
9094
9214
9126
9288
9102
9214
9150
9242
9214
9178
9212
9126
9238
9152
9214
9122
9218
9212
9122
9268
9126
9214
9148
9218
9090
9216
9243
9117
9190
9126
9240
9126
9240
9178
9214
9182
9182
9214
9122
9268
9126
9308
9162
9266
9190
9174
9214
9124
9214
9152
9292
9152
9214
9148
9216
9214
9123
9213
9094
9221
9171
9270
9096
9212
9244
9148
9296
9094
9221
9119
9214
9149
9217
9212
9126
9240
9148
9216
9149
9269
9122
9215
9125
9212
9214
9101
9265
9094
9214
9152
9214
9122
9214
9216
9125
9241
9120
9242
9094
9214
9152
9266
9244
9094
9290
9102
9240
9126
9240
9148
9218
9216
9226
9212
9152
9214
9126
9240
9122
9212
9240
9179
9243
9148
9268
9094
9297
9117
9190
9152
9268
9218
9122
9206
9102
9214
9126
9214
9126
9210
9216
9123
9213
9094
9221
9119
9214
9152
9214
9122
9214
9216
9120
9242
9127
9237
9096
9214
9152
9240
9214
9150
9270
9094
9214
9126
9214
9122
9215
9093
9244
9241
9177
9216
9148
9244
9090
9221
9119
9214
9214
9124
9266
9152
9214
9152
9266
9152
9214
9238
9126
9214
9122
9215
9093
9270
9127
9267
9238
9126
9214
9122
9214
9096
9236
9102
9214
9123
9241
9214
9152
9238
9152
9214
9126
9214
9092
9236
9224
9122
9189
9119
9214
9126
9240
9124
9214
9148
9218
9264
9126
9214
9122
9244
9097
9293
9148
9268
9270
9094
9214
9126
9214
9122
9212
9096
9214
9271
9117
9190
9152
9296
9120
9271
9203
9242
9294
9096
9214
9126
9214
9122
9214
9144
9190
9126
9219
9237
9096
9240
9126
