1.1676
1.1668
1.1668
1.1664
1.1668
1.1668
1.1664
1.1668
1.1668
1.1664
1.1668
1.1668
1.1664
1.1668
1.1668
1.1664
1.1668
1.1668
1.1664
1.1668
1.1668
1.1664
1.1668
1.1668
1.1664
1.1668
1.1668
1.1664
1.1668
1.1668
1.1664
1.1668
1.1668
1.1664
1.1668
1.1668
1.1664
1.1668
1.1668
1.1664
1.1668
1.1668
1.1664
1.1668
1.1668
1.1664
1.1668
1.1668
1.1664
1.1668
1.1668
1.1664
1.1668
1.1668
1.1664
1.1668
1.1668
1.1664
1.1668
1.1668
1.1664
1.1668
1.1668
1.1664
1.1668
1.1668
1.1664
1.1668
1.1668
1.1664
1.1668
1.1668
1.1664
1.1668
1.1668
1.1664
1.1668
1.1668
1.1664
1.1668
1.1668
1.1664
1.1668
1.1668
1.1664
1.1668
1.1668
1.1664
1.1668
1.1668
1.1664
1.1668
1.1668
1.1664
1.1668
1.1668
1.1664
1.1668
1.1668
1.1664
1.1668
1.1668
1.1664
1.1668
1.1668
1.1664
1.1668
1.1668
1.1664
1.1668
1.1668
1.1664
1.1668
1.1668
1.1664
1.1668
1.1668
1.1664
1.1668
1.1668
1.1664
1.1668
1.1668
1.1664
1.1668
1.1668
1.1664
1.1668
1.1668
1.1664
1.1668
1.1668
1.1664
1.1668
1.1668
1.1664
1.1668
1.1668
1.1664
1.1668
1.1668
1.1664
1.1668
1.1668
1.1664
1.1668
1.1668
1.1664
1.1668
1.1668
1.1664
1.1668
1.1668
1.1664
1.1668
1.1668
1.1664
1.1668
1.1668
1.1664
1.1668
1.1668
1.1664
1.1668
1.1668
1.1664
1.1668
1.1668
1.1664
1.1668
1.1668
1.1664
1.1668
1.1668
1.1664
1.1668
1.1668
1.1664
1.1668
1.1668
1.1664
1.1668
1.1668
1.1664
1.1668
1.1668
1.1664
1.1668
1.1668
1.1664
1.1668
1.1668
1.1664
1.1668
1.1668
1.1664
1.1668
1.1668
1.1664
1.1668
1.1668
1.1664
1.1668
1.1668
1.1664
1.1668
1.1668
1.1664
1.1668
1.1668
1.1664
1.1668
1.1668
1.1664
1.1668
1.1668
1.1664
1.1668
1.1668
1.1664
1.1668
1.1668
1.1664
1.1668
1.1668
1.1664
1.1668
1.1668
1.1664
1.1668
1.1668
1.1664
1.1668
1.1668
1.1664
1.1668
1.1668
1.1664
1.1668
1.1668
1.1664
1.1668
1.1668
1.1664
1.1668
1.1668
1.1664
1.1668
1.1668
1.1664
1.1668
1.1668
1.1664
1.1668
1.1668
1.2664
1.4208
1.4206
1.417
1.4204
1.4204
1.4268
1.854
1.8484
1.8284
1.8448
1.8296
1.864
1.8252
1.8476
1.8252
1.8476
1.854
1.8192
1.8424
1.8252
1.8428
1.8408
1.848
1.8246
1.8482
1.854
1.8306
1.8474
1.824
1.8442
1.8238
1.8428
1.8252
1.8428
1.8424
1.8252
1.8422
1.8234
1.8444
1.8322
1.8518
1.824
1.8484
1.8252
1.842
1.8432
1.8188
1.8428
1.8252
1.8428
1.8244
1.8436
1.824
1.8372
1.8486
1.8234
1.838
1.8252
1.8428
1.8252
1.848
1.8244
1.8428
1.8192
1.849
1.8586
1.8348
1.8432
1.8352
1.8432
1.8228
1.8444
1.824
1.8442
1.8482
1.818
1.8432
1.83
1.8428
1.8304
1.8428
1.8356
1.8422
1.843
1.83
1.8744
1.8302
1.8482
1.8252
1.8428
1.8244
1.8428
1.8432
1.8244
1.843
1.8234
1.8492
1.834
1.85
1.8244
1.8484
1.8588
1.8192
1.8428
1.8252
1.8428
1.8244
1.8482
1.8354
1.8484
1.8244
1.8432
1.8428
1.8244
1.8424
1.8464
1.8484
1.8356
1.868
1.8448
1.818
1.8656
1.8296
1.8378
1.8238
1.8428
1.8252
1.8428
1.824
1.8432
1.8432
1.8356
1.8528
1.8304
1.8476
1.8304
1.849
1.8238
1.848
1.858
1.8204
1.8428
1.8246
1.8434
1.8244
1.8428
1.8192
1.8424
1.8488
1.8188
1.8428
1.8252
1.8428
1.8244
1.8436
1.8296
1.8424
1.8202
1.8474
1.8436
1.8184
1.8472
1.8204
1.8428
1.8252
1.8428
1.8244
1.8428
1.8536
1.8252
1.848
1.8228
1.8444
1.8296
1.8544
1.824
1.8484
1.8484
1.8244
1.8534
1.8234
1.85
1.8296
1.843
1.8354
1.8428
1.8304
1.8424
1.8428
1.8192
1.8424
1.8252
1.848
1.8252
1.8428
1.8244
1.8476
1.8436
1.8244
1.8428
1.8202
1.8582
1.8288
1.8442
1.829
1.8428
1.8524
1.8204
1.8428
1.8252
1.8428
1.8244
1.8428
1.8192
1.8424
1.8252
1.8428
1.8524
1.8204
1.8428
1.8246
1.8434
1.8244
1.8536
1.8304
1.842
1.8432
1.8246
1.8434
1.8296
1.8476
1.8192
1.8428
1.8304
1.8644
1.864
1.8252
1.8428
1.8356
1.8532
1.8244
1.854
1.8244
1.8536
1.8424
1.8526
1.8414
1.8412
1.8424
1.8252
1.8428
1.8246
1.8426
1.8432
1.8356
1.848
1.8296
1.8436
1.8296
1.8378
1.829
1.8428
1.8488
1.8254
1.8482
1.8296
1.8378
1.8238
1.8428
1.8252
1.8428
1.824
1.8432
1.8432
1.8298
1.843
1.8296
1.8488
1.8296
1.864
1.8304
1.8428
1.8428
1.8248
1.8428
1.8244
1.854
1.8244
1.8428
1.8192
1.8424
1.8488
1.8188
1.8428
1.8304
1.8698
1.8242
1.849
1.8238
1.8644
1.8484
1.83
1.8432
1.8408
1.8424
1.8356
1.8428
1.8304
1.842
1.8432
1.8304
1.861
1.8326
1.8428
1.8304
1.8532
1.8252
1.8428
1.8424
1.8252
1.8428
1.8298
1.8538
1.8194
1.8474
1.8192
1.8428
1.838
1.8348
1.8488
1.8188
1.8528
1.8204
1.8428
1.8246
1.8434
1.8296
1.8482
1.843
1.8244
1.8428
1.8288
1.8448
1.8244
1.8378
1.829
1.8592
1.8484
1.8252
1.848
1.8244
1.8424
1.8192
1.8428
1.8252
1.848
1.8644
1.8188
1.8428
1.8304
1.8438
1.8342
1.8592
1.8202
1.8414
1.8252
1.8428
1.8472
1.8204
1.8428
1.8246
1.8486
1.8244
1.8428
1.8288
1.838
1.8542
1.8234
1.8496
1.8244
1.8544
1.8296
1.8464
1.8256
1.8592
1.8432
1.8304
1.8528
1.846
1.8488
1.8244
1.8472
1.8204
1.8428
1.8524
1.836
1.8488
1.8202
1.853
1.8188
1.8524
1.8204
1.8428
1.854
1.8202
1.8414
1.8252
1.8532
1.8252
1.848
1.8246
1.8482
1.83
1.8428
1.8428
1.8304
1.8428
1.8408
1.8428
1.8228
1.85
1.8296
1.8536
1.854
1.8188
1.854
1.8288
1.8552
1.8194
1.8474
1.8192
1.854
1.8432
1.824
1.8432
1.8188
1.8542
1.8354
1.848
1.8202
1.8414
1.854
1.8288
1.8448
1.8244
1.8464
1.8204
1.8428
1.8252
1.8428
1.8244
1.8536
1.8644
1.8188
1.8432
1.8248
1.8428
1.8244
1.843
1.8234
1.8444
1.8424
1.8288
1.85
1.8244
1.8484
1.8304
1.8428
1.8184
1.8472
1.8448
1.8244
1.848
1.8188
1.8428
1.8252
1.8576
1.8204
1.8428
1.83
1.8484
1.8428
1.8356
1.8424
1.8252
1.8476
1.8304
1.8428
1.8244
1.8436
1.8424
1.8244
1.8536
1.8252
1.8428
1.8296
1.8436
1.818
1.8432
1.8486
1.8234
1.838
1.8252
1.848
1.8252
1.848
1.8356
1.8428
1.8364
1.8364
1.8428
1.8244
1.8536
1.8252
1.8616
1.8324
1.8532
1.838
1.8348
1.8428
1.8248
1.8428
1.8304
1.8584
1.8304
1.8428
1.8296
1.8432
1.8428
1.8246
1.8426
1.8188
1.8442
1.8342
1.854
1.8192
1.8424
1.8488
1.8296
1.8592
1.8188
1.8442
1.8238
1.8428
1.8298
1.8434
1.8424
1.8252
1.848
1.8296
1.8432
1.8298
1.8538
1.8244
1.843
1.825
1.8424
1.8428
1.8202
1.853
1.8188
1.8428
1.8304
1.8428
1.8244
1.8428
1.8432
1.825
1.8482
1.824
1.8484
1.8188
1.8428
1.8304
1.8532
1.8488
1.8188
1.858
1.8204
1.848
1.8252
1.848
1.8296
1.8436
1.8432
1.8452
1.8424
1.8304
1.8428
1.8252
1.848
1.8244
1.8424
1.848
1.8358
1.8486
1.8296
1.8536
1.8188
1.8594
1.8234
1.838
1.8304
1.8536
1.8436
1.8244
1.8412
1.8204
1.8428
1.8252
1.8428
1.8252
1.842
1.8432
1.8246
1.8426
1.8188
1.8442
1.8238
1.8428
1.8304
1.8428
1.8244
1.8428
1.8432
1.824
1.8484
1.8254
1.8474
1.8192
1.8428
1.8304
1.848
1.8428
1.83
1.854
1.8188
1.8428
1.8252
1.8428
1.8244
1.843
1.8186
1.8488
1.8482
1.8354
1.8432
1.8296
1.8488
1.818
1.8442
1.8238
1.8428
1.8428
1.8248
1.8532
1.8304
1.8428
1.8304
1.8532
1.8304
1.8428
1.8476
1.8252
1.8428
1.8244
1.843
1.8186
1.854
1.8254
1.8534
1.8476
1.8252
1.8428
1.8244
1.8428
1.8192
1.8472
1.8204
1.8428
1.8246
1.8482
1.8428
1.8304
1.8476
1.8304
1.8428
1.8252
1.8428
1.8184
1.8472
1.8448
1.8244
1.8378
1.8238
1.8428
1.8252
1.848
1.8248
1.8428
1.8296
1.8436
1.8528
1.8252
1.8428
1.8244
1.8488
1.8194
1.8586
1.8296
1.8536
1.854
1.8188
1.8428
1.8252
1.8428
1.8244
1.8424
1.8192
1.8428
1.8542
1.8234
1.838
1.8304
1.8592
1.824
1.8542
1.8406
1.8484
1.8588
1.8192
1.8428
1.8252
1.8428
1.8244
1.8428
1.8288
1.838
1.8252
1.8438
1.8474
1.8192
1.848
1.8252
