419
417
417
416
417
417
416
417
417
416
417
417
416
417
417
416
417
417
416
417
417
416
417
417
416
417
417
416
417
417
416
417
417
416
417
417
416
417
417
416
417
417
416
417
417
416
417
417
416
417
417
416
417
417
416
417
417
416
417
417
416
417
417
416
417
417
416
417
417
416
417
417
416
417
417
416
417
417
416
417
417
416
417
417
416
417
417
416
417
417
416
417
417
416
417
417
416
417
417
416
417
417
416
417
417
416
417
417
416
417
417
416
417
417
416
417
417
416
417
417
416
417
417
416
417
417
416
417
417
416
417
417
416
417
417
416
417
417
416
417
417
416
417
417
416
417
417
416
417
417
416
417
417
416
417
417
416
417
417
416
417
417
416
417
417
416
417
417
416
417
417
416
417
417
416
417
417
416
417
417
416
417
417
416
417
417
416
417
417
416
417
417
416
417
417
416
417
417
416
417
417
416
417
417
416
417
417
416
417
417
416
417
417
416
417
417
416
417
417
416
417
417
416
417
417
416
417
417
416
417
417
416
417
417
416
417
417
416
417
417
416
417
417
416
417
417
416
417
417
416
417
417
416
417
417
602
890
889
883
889
889
895
1531
1526
1485
1531
1492
1527
1493
1522
1493
1522
1533
1482
1522
1493
1522
1496
1523
1491
1524
1533
1484
1530
1485
1522
1493
1522
1493
1522
1521
1493
1520
1485
1528
1490
1531
1487
1527
1493
1517
1526
1482
1522
1493
1522
1491
1524
1487
1515
1532
1485
1519
1493
1522
1493
1523
1491
1520
1485
1522
1536
1493
1523
1494
1523
1483
1528
1485
1522
1534
1480
1522
1494
1522
1494
1522
1495
1520
1523
1493
1529
1493
1524
1493
1522
1491
1520
1525
1491
1522
1485
1530
1487
1532
1491
1524
1530
1486
1522
1493
1522
1491
1523
1493
1526
1491
1523
1522
1491
1518
1501
1524
1495
1528
1531
1480
1538
1490
1513
1493
1522
1493
1522
1487
1526
1523
1495
1523
1494
1522
1494
1522
1493
1523
1527
1490
1522
1491
1524
1489
1524
1482
1522
1532
1482
1522
1493
1522
1491
1524
1490
1523
1482
1529
1527
1480
1525
1490
1522
1493
1522
1489
1524
1525
1493
1523
1483
1528
1486
1535
1487
1527
1524
1489
1526
1485
1532
1492
1522
1493
1524
1494
1519
1524
1482
1522
1493
1523
1493
1522
1491
1519
1527
1491
1522
1482
1528
1483
1522
1494
1522
1525
1490
1522
1493
1522
1489
1524
1482
1522
1493
1522
1525
1490
1522
1491
1524
1489
1527
1494
1520
1523
1491
1524
1492
1519
1486
1522
1494
1535
1527
1493
1522
1495
1524
1491
1526
1491
1525
1521
1498
1522
1496
1522
1493
1522
1491
1522
1523
1495
1523
1492
1524
1490
1513
1494
1522
1532
1483
1534
1490
1513
1493
1522
1493
1522
1487
1526
1523
1492
1523
1492
1525
1490
1529
1494
1522
1521
1493
1522
1491
1526
1489
1524
1482
1522
1532
1482
1522
1494
1536
1484
1522
1493
1535
1524
1491
1525
1496
1521
1495
1522
1494
1520
1523
1494
1528
1491
1522
1494
1524
1493
1522
1521
1493
1522
1492
1526
1480
1529
1486
1522
1515
1500
1532
1482
1526
1490
1522
1491
1524
1492
1523
1523
1491
1522
1486
1531
1489
1513
1494
1534
1524
1493
1523
1491
1518
1486
1522
1493
1523
1535
1482
1522
1494
1521
1495
1534
1482
1522
1493
1521
1525
1490
1522
1491
1525
1491
1522
1486
1519
1533
1485
1531
1483
1535
1490
1517
1491
1534
1523
1494
1523
1497
1532
1483
1525
1490
1522
1525
1493
1532
1482
1532
1484
1525
1490
1522
1533
1482
1522
1493
1524
1493
1523
1491
1524
1493
1522
1522
1494
1522
1496
1522
1483
1532
1492
1525
1531
1484
1533
1486
1533
1480
1529
1486
1533
1523
1487
1526
1482
1533
1493
1525
1482
1522
1533
1486
1531
1489
1517
1490
1522
1493
1522
1489
1527
1533
1484
1522
1493
1522
1491
1522
1485
1528
1523
1486
1532
1491
1524
1494
1522
1480
1525
1531
1489
1525
1482
1522
1493
1526
1490
1522
1493
1524
1522
1495
1521
1493
1522
1494
1522
1491
1524
1521
1491
1525
1493
1522
1492
1524
1480
1522
1532
1485
1519
1493
1523
1493
1523
1495
1522
1504
1511
1522
1491
1525
1493
1527
1493
1524
1515
1500
1521
1493
1522
1494
1525
1494
1522
1490
1525
1522
1491
1522
1482
1522
1495
1533
1482
1522
1532
1485
1534
1482
1522
1493
1522
1492
1524
1521
1493
1523
1492
1523
1492
1526
1491
1522
1493
1521
1522
1482
1532
1484
1522
1494
1522
1491
1520
1525
1482
1534
1487
1527
1482
1522
1494
1524
1530
1484
1527
1490
1523
1493
1523
1492
1524
1516
1502
1521
1494
1522
1493
1523
1491
1518
1512
1509
1525
1492
1523
1484
1534
1485
1519
1494
1529
1527
1491
1514
1490
1522
1493
1522
1493
1520
1523
1491
1522
1482
1522
1493
1522
1494
1522
1489
1524
1523
1487
1527
1483
1529
1486
1522
1494
1523
1521
1494
1531
1484
1522
1493
1522
1491
1522
1482
1532
1523
1493
1525
1492
1525
1480
1522
1493
1522
1521
1493
1524
1494
1522
1494
1524
1494
1522
1522
1493
1522
1491
1522
1482
1533
1483
1535
1522
1493
1522
1489
1524
1482
1525
1490
1522
1491
1524
1522
1494
1522
1494
1522
1493
1522
1480
1525
1531
1489
1513
1493
1522
1493
1522
1493
1522
1492
1524
1523
1493
1522
1489
1527
1480
1536
1492
1525
1531
1484
1522
1493
1522
1491
1518
1486
1522
1533
1485
1519
1494
1532
1485
1533
1496
1524
1530
1486
1522
1493
1522
1491
1522
1486
1519
1493
1521
1529
1486
1523
1493
