6674
6667
6668
6665
6667
6668
6665
6667
6668
6665
6667
6668
6665
6667
6668
6665
6667
6668
6665
6667
6668
6665
6667
6668
6665
6667
6668
6665
6667
6668
6665
6667
6668
6665
6667
6668
6665
6667
6668
6665
6667
6668
6665
6667
6668
6665
6667
6668
6665
6667
6668
6665
6667
6668
6665
6667
6668
6665
6667
6668
6665
6667
6668
6665
6667
6668
6665
6667
6668
6665
6667
6668
6665
6667
6668
6665
6667
6668
6665
6667
6668
6665
6667
6668
6665
6667
6668
6665
6667
6668
6665
6667
6668
6665
6667
6668
6665
6667
6668
6665
6667
6668
6665
6667
6668
6665
6667
6668
6665
6667
6668
6665
6667
6668
6665
6667
6668
6665
6667
6668
6665
6667
6668
6665
6667
6668
6665
6667
6668
6665
6667
6668
6665
6667
6668
6665
6667
6668
6665
6667
6668
6665
6667
6668
6665
6667
6668
6665
6667
6668
6665
6667
6668
6665
6667
6668
6665
6667
6668
6665
6667
6668
6665
6667
6668
6665
6667
6668
6665
6667
6668
6665
6667
6668
6665
6667
6668
6665
6667
6668
6665
6667
6668
6665
6667
6668
6665
6667
6668
6665
6667
6668
6665
6667
6668
6665
6667
6668
6665
6667
6668
6665
6667
6668
6665
6667
6668
6665
6667
6668
6665
6667
6668
6665
6667
6668
6665
6667
6668
6665
6667
6668
6665
6667
6668
6665
6667
6668
6665
6667
6668
6665
6667
6668
6665
6667
6668
6665
6667
6668
6665
6667
6668
6665
6667
6668
6665
6667
6668
6665
6667
6668
6665
6667
6668
7217
8074
8075
8046
8072
8071
8111
10689
10657
10532
10637
10536
10735
10516
10651
10516
10650
10689
10480
10625
10516
10628
10594
10654
10512
10654
10689
10540
10653
10503
10638
10506
10627
10516
10628
10624
10516
10624
10507
10634
10554
10671
10509
10654
10516
10624
10628
10477
10628
10516
10628
10509
10634
10509
10592
10663
10507
10595
10517
10627
10516
10654
10509
10628
10480
10661
10711
10562
10631
10565
10631
10503
10634
10503
10638
10659
10471
10630
10540
10627
10543
10627
10568
10624
10628
10539
10787
10542
10654
10516
10628
10509
10628
10630
10510
10630
10507
10657
10562
10663
10510
10657
10714
10478
10628
10516
10627
10510
10656
10566
10657
10510
10630
10627
10510
10627
10621
10657
10568
10761
10637
10471
10751
10536
10599
10506
10627
10516
10628
10509
10628
10631
10568
10676
10543
10650
10542
10661
10506
10653
10712
10484
10627
10513
10631
10510
10627
10480
10625
10663
10477
10628
10516
10628
10509
10634
10536
10624
10488
10655
10631
10474
10657
10484
10627
10517
10627
10510
10627
10683
10516
10654
10503
10634
10532
10693
10509
10654
10657
10510
10682
10507
10663
10536
10630
10566
10627
10543
10624
10627
10480
10625
10516
10654
10516
10627
10510
10653
10631
10510
10627
10488
10705
10526
10638
10532
10628
10682
10484
10627
10517
10627
10510
10627
10480
10625
10516
10628
10682
10484
10628
10512
10631
10510
10683
10542
10621
10631
10512
10631
10536
10653
10478
10627
10543
10741
10735
10516
10628
10568
10680
10509
10686
10510
10683
10624
10657
10617
10597
10625
10516
10628
10512
10625
10631
10568
10653
10536
10634
10536
10599
10532
10627
10663
10514
10659
10536
10599
10506
10627
10516
10628
10509
10628
10631
10538
10628
10536
10660
10536
10735
10542
10627
10627
10514
10627
10510
10686
10510
10627
10480
10625
10663
10477
10628
10542
10770
10504
10661
10506
10741
10657
10539
10630
10595
10624
10569
10627
10542
10621
10631
10542
10727
10544
10627
10543
10679
10516
10628
10624
10516
10628
10538
10683
10482
10655
10478
10627
10595
10572
10663
10477
10686
10484
10628
10512
10631
10536
10656
10628
10510
10627
10536
10637
10510
10599
10532
10715
10657
10516
10653
10510
10627
10478
10627
10517
10653
10741
10478
10627
10543
10634
10558
10715
10488
10617
10517
10626
10657
10484
10628
10512
10657
10510
10627
10536
10595
10692
10507
10660
10506
10693
10536
10647
10510
10715
10631
10542
10676
10621
10663
10506
10657
10484
10628
10682
10562
10663
10488
10682
10477
10683
10484
10627
10689
10488
10617
10517
10679
10516
10654
10512
10654
10539
10628
10627
10542
10628
10594
10628
10503
10663
10536
10683
10689
10477
10689
10536
10689
10482
10655
10478
10689
10631
10509
10628
10477
10692
10566
10653
10488
10617
10689
10536
10637
10510
10647
10484
10627
10517
10627
10510
10683
10741
10477
10630
10514
10627
10510
10630
10507
10634
10624
10536
10663
10510
10657
10542
10627
10474
10657
10637
10510
10653
10478
10627
10517
10708
10484
10627
10540
10656
10628
10568
10624
10516
10651
10542
10628
10509
10634
10624
10510
10683
10516
10627
10536
10634
10471
10630
10663
10507
10595
10517
10653
10516
10654
10568
10627
10577
10590
10627
10510
10683
10516
10723
10551
10680
10595
10572
10626
10514
10627
10542
10706
10542
10628
10536
10630
10628
10512
10625
10477
10638
10558
10689
10480
10625
10663
10533
10715
10477
10638
10506
10628
10538
10631
10624
10516
10654
10536
10631
10538
10683
10510
10630
10514
10624
10627
10488
10682
10477
10628
10542
10628
10509
10628
10630
10511
10659
10509
10654
10478
10627
10543
10679
10663
10477
10712
10484
10654
10516
10653
10536
10634
10622
10623
10624
10543
10627
10516
10653
10510
10627
10636
10586
10657
10536
10683
10477
10718
10507
10595
10543
10688
10631
10510
10621
10484
10627
10517
10627
10516
10621
10631
10512
10625
10477
10638
10506
10627
10543
10627
10510
10627
10631
10509
10654
10514
10655
10478
10627
10543
10654
10626
10540
10689
10477
10628
10516
10627
10510
10630
10475
10663
10656
10566
10630
10536
10660
10471
10638
10506
10627
10627
10514
10679
10543
10627
10542
10680
10542
10627
10651
10516
10627
10510
10630
10475
10689
10514
10685
10650
10517
10627
10510
10627
10480
10657
10484
10628
10512
10654
10627
10543
10650
10543
10627
10516
10627
10474
10657
10637
10510
10599
10506
10627
10516
10653
10514
10627
10536
10634
10676
10517
10627
10510
10659
10482
10711
10536
10683
10689
10477
10628
10516
10627
10510
10627
10478
10627
10692
10507
10595
10543
10715
10503
10692
10592
10657
10714
10478
10627
10517
10627
10510
10627
10536
10595
10517
10634
10655
10478
10654
10516
