2502
2501
2500
2499
2501
2500
2499
2501
2500
2499
2501
2500
2499
2501
2500
2499
2501
2500
2499
2501
2500
2499
2501
2500
2499
2501
2500
2499
2501
2500
2499
2501
2500
2499
2501
2500
2499
2501
2500
2499
2501
2500
2499
2501
2500
2499
2501
2500
2499
2501
2500
2499
2501
2500
2499
2501
2500
2499
2501
2500
2499
2501
2500
2499
2501
2500
2499
2501
2500
2499
2501
2500
2499
2501
2500
2499
2501
2500
2499
2501
2500
2499
2501
2500
2499
2501
2500
2499
2501
2500
2499
2501
2500
2499
2501
2500
2499
2501
2500
2499
2501
2500
2499
2501
2500
2499
2501
2500
2499
2501
2500
2499
2501
2500
2499
2501
2500
2499
2501
2500
2499
2501
2500
2499
2501
2500
2499
2501
2500
2499
2501
2500
2499
2501
2500
2499
2501
2500
2499
2501
2500
2499
2501
2500
2499
2501
2500
2499
2501
2500
2499
2501
2500
2499
2501
2500
2499
2501
2500
2499
2501
2500
2499
2501
2500
2499
2501
2500
2499
2501
2500
2499
2501
2500
2499
2501
2500
2499
2501
2500
2499
2501
2500
2499
2501
2500
2499
2501
2500
2499
2501
2500
2499
2501
2500
2499
2501
2500
2499
2501
2500
2499
2501
2500
2499
2501
2500
2499
2501
2500
2499
2501
2500
2499
2501
2500
2499
2501
2500
2499
2501
2500
2499
2501
2500
2499
2501
2500
2499
2501
2500
2499
2501
2500
2499
2501
2500
2499
2501
2500
2499
2501
2500
2499
2501
2500
2499
2501
2500
2499
2501
2500
2499
2501
2500
2567
2659
2667
2658
2659
2666
2673
3105
3096
3085
3082
3082
3130
3072
3097
3072
3094
3104
3066
3082
3072
3085
3105
3098
3072
3092
3105
3094
3086
3076
3090
3063
3085
3072
3086
3081
3072
3088
3071
3083
3101
3090
3071
3095
3068
3089
3083
3065
3082
3072
3086
3071
3085
3071
3079
3091
3071
3077
3070
3083
3072
3097
3071
3085
3067
3099
3108
3096
3083
3095
3085
3073
3083
3076
3090
3086
3063
3087
3079
3085
3084
3084
3094
3088
3081
3084
3156
3085
3092
3072
3086
3071
3085
3084
3070
3087
3071
3094
3097
3093
3071
3097
3116
3061
3086
3072
3083
3071
3099
3093
3096
3063
3092
3085
3070
3087
3116
3096
3094
3142
3082
3065
3127
3082
3084
3063
3085
3072
3086
3071
3083
3085
3095
3107
3083
3095
3080
3106
3063
3098
3118
3059
3084
3076
3083
3071
3084
3066
3082
3092
3065
3082
3072
3086
3071
3085
3082
3085
3069
3087
3082
3067
3092
3059
3087
3071
3085
3071
3084
3107
3072
3097
3073
3083
3089
3102
3071
3095
3096
3072
3110
3071
3093
3083
3087
3093
3084
3079
3089
3084
3066
3082
3072
3096
3072
3083
3071
3099
3082
3071
3086
3069
3117
3088
3090
3074
3088
3105
3059
3087
3071
3085
3071
3084
3066
3082
3072
3085
3105
3059
3088
3072
3083
3071
3108
3083
3084
3085
3072
3083
3082
3099
3061
3087
3081
3127
3130
3072
3086
3095
3108
3071
3107
3071
3108
3084
3137
3079
3108
3082
3072
3085
3072
3083
3085
3095
3096
3083
3085
3082
3084
3074
3087
3091
3082
3086
3082
3084
3063
3085
3072
3086
3071
3083
3085
3084
3082
3083
3098
3082
3130
3083
3087
3085
3068
3086
3070
3109
3071
3084
3066
3082
3092
3065
3082
3082
3143
3073
3104
3063
3128
3096
3084
3084
3107
3081
3097
3084
3083
3086
3083
3083
3134
3078
3087
3083
3107
3072
3086
3081
3072
3086
3084
3107
3070
3087
3061
3087
3078
3087
3092
3065
3105
3059
3088
3072
3083
3082
3099
3082
3071
3086
3084
3082
3071
3084
3074
3117
3096
3072
3096
3070
3087
3061
3087
3070
3094
3130
3061
3087
3083
3090
3087
3117
3069
3079
3071
3086
3092
3059
3088
3072
3094
3071
3086
3084
3077
3104
3071
3094
3078
3102
3082
3099
3072
3117
3083
3083
3109
3116
3092
3078
3092
3059
3088
3105
3098
3091
3069
3098
3063
3106
3059
3087
3104
3069
3079
3071
3106
3072
3098
3072
3092
3080
3089
3083
3085
3085
3105
3086
3073
3093
3083
3107
3105
3063
3104
3084
3106
3070
3087
3061
3104
3086
3071
3083
3065
3104
3093
3097
3069
3079
3104
3084
3082
3071
3099
3059
3087
3071
3084
3072
3108
3127
3063
3087
3068
3083
3073
3087
3071
3083
3085
3084
3093
3071
3097
3083
3083
3067
3092
3082
3071
3097
3061
3087
3071
3117
3059
3084
3080
3103
3085
3094
3083
3072
3093
3084
3087
3071
3085
3084
3070
3107
3072
3085
3083
3085
3063
3087
3091
3071
3077
3070
3094
3072
3098
3094
3085
3082
3085
3085
3070
3107
3072
3132
3082
3109
3078
3090
3086
3068
3083
3085
3118
3085
3086
3082
3084
3085
3072
3083
3065
3090
3087
3104
3066
3082
3092
3087
3116
3065
3090
3063
3087
3084
3083
3083
3072
3097
3082
3085
3084
3107
3070
3087
3066
3087
3086
3069
3098
3060
3091
3079
3086
3071
3085
3084
3082
3086
3071
3095
3063
3085
3084
3106
3094
3063
3118
3062
3096
3072
3096
3083
3085
3087
3114
3084
3084
3084
3072
3096
3070
3087
3102
3089
3094
3083
3110
3063
3117
3071
3077
3081
3105
3082
3071
3088
3059
3087
3071
3084
3072
3084
3085
3072
3083
3065
3090
3063
3085
3084
3085
3071
3084
3085
3072
3095
3082
3087
3061
3087
3081
3098
3086
3079
3105
3063
3084
3072
3085
3070
3087
3061
3092
3099
3093
3084
3083
3096
3065
3090
3063
3085
3088
3068
3109
3083
3083
3083
3109
3083
3085
3095
3072
3085
3070
3087
3061
3104
3082
3097
3096
3071
3085
3071
3084
3066
3092
3062
3085
3072
3092
3084
3086
3095
3084
3084
3072
3083
3067
3092
3082
3071
3084
3063
3085
3072
3098
3068
3086
3083
3085
3107
3071
3085
3071
3101
3065
3108
3083
3107
3105
3063
3084
3072
3085
3070
3087
3061
3087
3104
3071
3077
3081
3116
3076
3104
3104
3097
3116
3061
3087
3070
3084
3071
3086
3084
3077
3070
3090
3087
3061
3097
3072
