2917
2916
2917
2917
2916
2917
2917
2916
2917
2917
2916
2917
2917
2916
2917
2917
2916
2917
2917
2916
2917
2917
2916
2917
2917
2916
2917
2917
2916
2917
2917
2916
2917
2917
2916
2917
2917
2916
2917
2917
2916
2917
2917
2916
2917
2917
2916
2917
2917
2916
2917
2917
2916
2917
2917
2916
2917
2917
2916
2917
2917
2916
2917
2917
2916
2917
2917
2916
2917
2917
2916
2917
2917
2916
2917
2917
2916
2917
2917
2916
2917
2917
2916
2917
2917
2916
2917
2917
2916
2917
2917
2916
2917
2917
2916
2917
2917
2916
2917
2917
2916
2917
2917
2916
2917
2917
2916
2917
2917
2916
2917
2917
2916
2917
2917
2916
2917
2917
2916
2917
2917
2916
2917
2917
2916
2917
2917
2916
2917
2917
2916
2917
2917
2916
2917
2917
2916
2917
2917
2916
2917
2917
2916
2917
2917
2916
2917
2917
2916
2917
2917
2916
2917
2917
2916
2917
2917
2916
2917
2917
2916
2917
2917
2916
2917
2917
2916
2917
2917
2916
2917
2917
2916
2917
2917
2916
2917
2917
2916
2917
2917
2916
2917
2917
2916
2917
2917
2916
2917
2917
2916
2917
2917
2916
2917
2917
2916
2917
2917
2916
2917
2917
2916
2917
2917
2916
2917
2917
2916
2917
2917
2916
2917
2917
2916
2917
2917
2916
2917
2917
2916
2917
2917
2916
2917
2917
2916
2917
2917
2916
2917
2917
2916
2917
2917
2916
2917
2917
2916
2917
2917
2916
2917
2917
2916
2917
2917
2916
2917
2917
2916
2917
2917
2916
2917
3163
3555
3547
3544
3554
3547
3566
4632
4622
4567
4616
4574
4663
4561
4619
4561
4622
4633
4547
4609
4561
4607
4603
4619
4560
4625
4632
4573
4621
4561
4607
4565
4607
4561
4606
4610
4561
4603
4556
4614
4570
4640
4559
4623
4565
4601
4610
4547
4610
4561
4606
4560
4609
4559
4594
4621
4556
4599
4563
4609
4561
4620
4560
4607
4546
4622
4651
4585
4610
4587
4608
4553
4614
4561
4607
4623
4547
4606
4578
4607
4574
4608
4589
4603
4611
4573
4687
4573
4625
4561
4606
4560
4607
4609
4561
4606
4556
4627
4581
4630
4560
4621
4645
4552
4606
4561
4609
4560
4619
4589
4622
4568
4601
4607
4561
4604
4618
4622
4589
4665
4616
4545
4663
4574
4592
4565
4607
4561
4606
4559
4610
4608
4588
4634
4575
4621
4578
4615
4565
4619
4640
4558
4608
4556
4610
4560
4608
4547
4609
4620
4547
4610
4561
4606
4560
4609
4574
4606
4548
4620
4612
4544
4615
4558
4605
4562
4607
4560
4608
4636
4561
4620
4553
4614
4574
4636
4559
4623
4622
4559
4633
4556
4630
4573
4606
4589
4608
4579
4602
4608
4547
4609
4561
4621
4561
4609
4560
4617
4612
4560
4606
4548
4648
4573
4607
4579
4604
4627
4558
4605
4562
4607
4560
4608
4547
4609
4561
4607
4627
4558
4604
4560
4610
4560
4635
4575
4606
4608
4560
4610
4574
4617
4552
4605
4577
4660
4663
4561
4606
4588
4634
4560
4637
4560
4635
4607
4626
4608
4601
4609
4561
4607
4560
4608
4608
4588
4621
4573
4609
4574
4592
4579
4605
4621
4560
4623
4574
4592
4565
4607
4561
4606
4559
4610
4608
4573
4610
4573
4621
4574
4663
4575
4605
4607
4564
4606
4561
4635
4560
4608
4547
4609
4620
4547
4610
4576
4670
4564
4617
4565
4659
4622
4573
4609
4601
4610
4586
4608
4575
4604
4610
4575
4641
4596
4605
4575
4635
4561
4606
4610
4561
4606
4573
4636
4545
4620
4552
4605
4597
4587
4620
4547
4628
4558
4604
4560
4610
4574
4619
4610
4560
4606
4569
4616
4560
4592
4579
4645
4622
4561
4621
4561
4604
4552
4605
4563
4623
4657
4551
4605
4575
4606
4591
4645
4548
4608
4562
4606
4615
4558
4604
4560
4624
4560
4606
4569
4599
4634
4556
4628
4560
4636
4574
4613
4570
4645
4610
4575
4632
4617
4620
4560
4615
4558
4604
4627
4594
4621
4548
4635
4549
4626
4558
4605
4633
4548
4608
4562
4636
4561
4619
4560
4625
4577
4603
4609
4573
4607
4603
4606
4553
4630
4573
4636
4632
4549
4633
4569
4642
4545
4620
4552
4633
4607
4559
4610
4547
4634
4589
4620
4548
4608
4633
4569
4616
4560
4613
4558
4605
4562
4608
4559
4635
4660
4549
4606
4564
4609
4558
4606
4556
4614
4606
4569
4630
4560
4621
4575
4609
4544
4615
4616
4560
4620
4551
4605
4562
4640
4558
4608
4577
4615
4607
4589
4608
4561
4623
4574
4605
4560
4609
4607
4561
4636
4561
4607
4573
4609
4547
4606
4621
4556
4599
4563
4623
4561
4619
4589
4607
4596
4586
4607
4561
4636
4561
4649
4587
4633
4597
4584
4606
4564
4609
4573
4649
4573
4606
4574
4609
4607
4560
4608
4547
4607
4591
4633
4547
4609
4620
4576
4646
4547
4607
4565
4605
4573
4610
4608
4561
4620
4574
4608
4573
4636
4561
4606
4566
4604
4606
4548
4635
4552
4601
4579
4606
4560
4607
4609
4559
4623
4559
4623
4549
4607
4574
4636
4618
4549
4640
4555
4621
4561
4621
4573
4609
4613
4610
4607
4574
4608
4561
4621
4561
4604
4629
4581
4624
4573
4633
4549
4646
4556
4599
4577
4631
4612
4560
4599
4558
4605
4562
4608
4561
4606
4608
4560
4608
4547
4607
4565
4607
4574
4607
4560
4608
4608
4558
4623
4560
4620
4552
4605
4577
4619
4606
4578
4632
4549
4608
4561
4607
4561
4606
4550
4620
4619
4589
4609
4573
4623
4545
4607
4565
4607
4604
4564
4633
4575
4609
4575
4633
4575
4607
4621
4561
4607
4561
4606
4550
4633
4560
4637
4620
4562
4607
4560
4608
4547
4615
4555
4607
4560
4625
4608
4572
4621
4574
4608
4561
4609
4544
4615
4616
4560
4592
4565
4607
4561
4619
4564
4606
4573
4609
4634
4562
4607
4560
4618
4550
4651
4573
4636
4632
4549
4608
4561
4607
4561
4604
4552
4605
4634
4556
4599
4577
4646
4561
4634
4603
4621
4645
4552
4605
4563
4608
4560
4606
4569
4599
4563
4606
4620
4552
4620
4561
