2
0
0
0
0
0
0
0
0
0
0
0
0
0
0
0
0
0
0
0
0
0
0
0
0
0
0
0
0
0
0
0
0
0
0
0
0
0
0
0
0
0
0
0
0
0
0
0
0
0
0
0
0
0
0
0
0
0
0
0
0
0
0
0
0
0
0
0
0
0
0
0
0
0
0
0
0
0
0
0
0
0
0
0
0
0
0
0
0
0
0
0
0
0
0
0
0
0
0
0
0
0
0
0
0
0
0
0
0
0
0
0
0
0
0
0
0
0
0
0
0
0
0
0
0
0
0
0
0
0
0
0
0
0
0
0
0
0
0
0
0
0
0
0
0
0
0
0
0
0
0
0
0
0
0
0
0
0
0
0
0
0
0
0
0
0
0
0
0
0
0
0
0
0
0
0
0
0
0
0
0
0
0
0
0
0
0
0
0
0
0
0
0
0
0
0
0
0
0
0
0
0
0
0
0
0
0
0
0
0
0
0
0
0
0
0
0
0
0
0
0
0
0
0
0
0
0
0
0
0
0
0
0
0
0
0
0
0
0
0
0
0
0
0
0
0
0
0
0
0
0
0
0
0
0
128
324
324
320
324
322
314
239
235
236
232
236
239
239
240
235
233
240
236
234
235
233
236
238
236
238
238
238
238
236
234
234
234
236
234
236
234
234
236
234
236
232
246
234
236
234
236
234
238
236
234
240
234
234
234
236
234
234
236
244
240
242
236
234
244
248
254
234
238
236
240
234
240
235
233
240
236
234
234
240
234
240
234
234
236
234
244
240
234
236
238
240
234
236
234
234
250
248
234
240
240
238
240
234
234
236
234
240
240
244
234
240
234
244
240
242
240
236
239
243
236
234
248
240
238
245
235
244
234
234
234
236
236
232
236
240
234
240
240
244
234
234
236
234
234
236
234
236
234
240
234
234
236
234
240
234
234
234
240
244
238
232
234
236
234
234
235
235
234
236
258
232
236
244
234
236
239
239
236
242
240
244
240
240
238
236
238
254
234
242
236
234
236
234
236
238
240
238
240
236
233
239
236
234
234
240
234
240
236
234
236
238
236
238
236
234
236
232
236
235
235
234
234
236
234
236
252
244
234
234
236
234
244
234
240
234
244
240
238
244
244
236
240
234
234
236
238
236
240
232
236
234
236
234
235
235
234
240
234
235
239
236
234
234
234
236
234
240
240
232
236
234
236
234
236
234
234
254
234
248
257
235
234
236
234
239
235
240
239
233
236
234
236
248
234
240
234
240
238
240
236
240
234
234
234
249
235
234
245
233
236
238
240
234
240
236
238
236
234
244
238
244
234
244
240
234
236
234
236
238
235
243
244
240
234
236
238
244
234
236
234
240
238
236
244
234
236
242
240
234
248
232
234
234
234
236
238
244
236
234
240
234
240
240
234
234
236
234
240
234
240
234
252
236
244
234
234
276
240
234
240
244
234
240
244
239
235
234
240
234
240
234
253
235
234
236
234
234
236
238
236
234
236
238
236
233
235
240
238
236
256
240
236
240
234
240
234
234
240
238
240
236
234
235
235
244
234
236
234
240
238
240
234
236
234
240
234
238
236
244
234
234
236
240
234
240
234
236
234
238
240
240
238
236
234
234
236
234
240
234
240
234
236
240
238
236
244
234
234
236
234
236
234
235
235
234
240
234
235
235
234
234
236
234
252
236
234
236
234
244
234
244
240
236
234
234
234
234
236
234
236
234
236
242
244
236
238
240
234
240
234
234
240
252
240
234
244
240
240
256
236
234
234
236
234
240
234
240
234
236
234
240
238
240
240
234
236
234
234
234
236
234
234
258
248
236
248
240
244
244
248
248
236
238
234
236
234
234
236
238
240
240
238
236
234
240
256
238
232
240
240
238
244
236
234
234
236
244
234
240
234
244
254
234
234
244
240
238
240
234
236
234
240
234
236
233
235
240
238
236
234
240
234
258
238
234
236
244
234
234
236
234
240
234
236
238
234
236
234
236
234
234
235
239
234
236
240
243
239
236
234
234
258
262
248
236
238
236
238
236
234
236
234
234
235
239
244
238
236
234
236
234
252
244
234
240
244
240
234
240
242
236
240
234
236
238
234
236
239
235
236
236
236
235
235
234
234
240
248
236
234
234
236
234
234
250
234
234
236
234
248
240
238
240
240
240
234
234
234
240
236
238
244
244
240
234
236
238
240
240
252
234
248
240
234
236
234
235
239
234
240
234
236
234
236
238
236
234
234
240
240
234
236
234
234
236
234
234
240
240
244
238
236
234
258
