419
417
417
416
417
417
416
417
417
416
417
417
416
417
417
416
417
417
416
417
417
416
417
417
416
417
417
416
417
417
416
417
417
416
417
417
416
417
417
416
417
417
416
417
417
416
417
417
416
417
417
416
417
417
416
417
417
416
417
417
416
417
417
416
417
417
416
417
417
416
417
417
416
417
417
416
417
417
416
417
417
416
417
417
416
417
417
416
417
417
416
417
417
416
417
417
416
417
417
416
417
417
416
417
417
416
417
417
416
417
417
416
417
417
416
417
417
416
417
417
416
417
417
416
417
417
416
417
417
416
417
417
416
417
417
416
417
417
416
417
417
416
417
417
416
417
417
416
417
417
416
417
417
416
417
417
416
417
417
416
417
417
416
417
417
416
417
417
416
417
417
416
417
417
416
417
417
416
417
417
416
417
417
416
417
417
416
417
417
416
417
417
416
417
417
416
417
417
416
417
417
416
417
417
416
417
417
416
417
417
416
417
417
416
417
417
416
417
417
416
417
417
416
417
417
416
417
417
416
417
417
416
417
417
416
417
417
416
417
417
416
417
417
416
417
417
416
417
417
416
417
417
416
417
417
602
890
890
882
889
889
895
1521
1521
1493
1520
1489
1515
1478
1511
1493
1520
1510
1493
1522
1493
1520
1482
1520
1484
1518
1493
1510
1509
1493
1522
1491
1522
1482
1522
1493
1522
1521
1493
1522
1493
1520
1469
1521
1493
1522
1491
1523
1509
1493
1522
1480
1522
1491
1522
1484
1520
1532
1482
1509
1480
1506
1489
1515
1478
1487
1493
1480
1520
1484
1519
1491
1511
1493
1520
1510
1493
1522
1491
1511
1491
1511
1491
1522
1482
1532
1498
1480
1522
1493
1508
1480
1522
1493
1522
1521
1467
1495
1491
1511
1480
1515
1475
1531
1521
1482
1529
1475
1519
1467
1522
1480
1522
1508
1480
1507
1476
1527
1480
1506
1482
1522
1495
1480
1520
1469
1522
1467
1522
1491
1522
1523
1493
1520
1484
1519
1491
1510
1480
1509
1480
1532
1524
1491
1513
1491
1522
1493
1522
1480
1522
1521
1493
1522
1480
1522
1491
1522
1480
1504
1497
1510
1524
1491
1522
1491
1524
1491
1522
1482
1482
1520
1489
1502
1491
1524
1480
1510
1491
1506
1510
1478
1511
1480
1509
1493
1509
1454
1522
1506
1482
1524
1491
1522
1493
1509
1480
1519
1510
1493
1522
1478
1524
1491
1522
1480
1521
1480
1523
1522
1493
1508
1493
1509
1493
1522
1493
1520
1523
1493
1522
1480
1529
1486
1522
1493
1483
1508
1480
1529
1486
1522
1474
1526
1480
1511
1478
1510
1520
1467
1508
1482
1521
1480
1529
1486
1520
1523
1480
1520
1484
1531
1482
1522
1493
1522
1521
1481
1521
1493
1509
1493
1522
1482
1531
1482
1522
1521
1480
1520
1489
1526
1482
1522
1493
1522
1521
1454
1522
1465
1472
1491
1522
1482
1522
1521
1491
1511
1480
1520
1482
1529
1486
1495
1522
1481
1521
1480
1519
1480
1523
1480
1522
1491
1522
1497
1491
1522
1469
1520
1482
1520
1480
1522
1510
1493
1509
1493
1522
1467
1520
1467
1522
1499
1478
1529
1486
1522
1493
1509
1493
1506
1498
1480
1522
1493
1509
1467
1522
1493
1522
1515
1484
1523
1467
1522
1493
1503
1475
1520
1490
1511
1522
1491
1522
1482
1520
1467
1524
1491
1510
1521
1480
1521
1491
1522
1484
1520
1480
1522
1521
1491
1483
1484
1507
1487
1526
1402
1511
1521
1480
1508
1491
1511
1467
1521
1491
1522
1510
1491
1511
1491
1485
1491
1522
1482
1522
1532
1482
1520
1482
1522
1493
1509
1493
1522
1491
1510
1519
1489
1474
1480
1523
1480
1522
1480
1522
1521
1480
1519
1480
1523
1491
1524
1491
1497
1532
1482
1522
1480
1520
1480
1513
1491
1522
1524
1477
1520
1484
1507
1491
1522
1489
1514
1491
1511
1521
1493
1522
1473
1516
1480
1519
1484
1520
1532
1482
1529
1475
1530
1480
1522
1482
1521
1503
1498
1508
1491
1522
1484
1520
1493
1522
1493
1522
1521
1480
1522
1493
1522
1480
1529
1486
1523
1492
1482
1522
1493
1522
1467
1522
1474
1514
1491
1523
1522
1491
1522
1482
1524
1491
1522
1493
1506
1498
1493
1509
1480
1522
1480
1522
1491
1511
1484
1478
1529
1471
1510
1480
1481
1482
1522
1528
1486
1522
1480
1522
1480
1522
1493
1522
1515
1484
1510
1480
1521
1493
1522
1491
1522
1482
1524
1530
1441
1496
1482
1495
1480
1509
1502
1460
1495
1493
1509
1491
1524
1491
1522
1482
1516
1514
1480
1519
1482
1522
1480
1481
1493
1521
1511
1480
1515
1471
1523
1491
1522
1482
1509
1521
1480
1521
1478
1485
1480
1524
1476
1511
1519
1480
1511
1493
1522
1480
1522
1493
1522
1521
1480
1516
1486
1522
1480
1522
1441
1509
1532
1484
1507
1491
1522
1482
1522
1480
1524
1491
1509
1532
1482
1524
1491
1522
1491
1524
1478
1522
1523
1480
1508
1478
1524
1491
1513
1450
1459
1495
1493
1519
1482
1509
1493
1522
1493
1522
1521
1493
1509
1468
1519
1482
1522
1493
1522
1482
1478
1522
1480
1498
1480
1522
1480
1507
1523
1480
1521
1493
1509
1491
1524
1480
1522
1491
1509
1523
1493
1522
1480
1529
1475
1504
1483
1522
1521
1493
1522
1491
1497
1491
1511
1493
1522
1495
1480
1520
1480
1510
1480
1522
1491
1522
1510
1493
1509
1467
1508
1480
1522
1493
1509
1521
1480
1483
1491
1492
1475
1520
1493
1522
1523
1479
1521
1480
1532
1482
1522
1493
1519
1482
1522
1528
1475
1519
1491
1524
1491
1513
1491
1522
1532
1480
1510
1467
1516
1486
1522
1441
