5838
5834
5834
5832
5834
5834
5832
5834
5834
5832
5834
5834
5832
5834
5834
5832
5834
5834
5832
5834
5834
5832
5834
5834
5832
5834
5834
5832
5834
5834
5832
5834
5834
5832
5834
5834
5832
5834
5834
5832
5834
5834
5832
5834
5834
5832
5834
5834
5832
5834
5834
5832
5834
5834
5832
5834
5834
5832
5834
5834
5832
5834
5834
5832
5834
5834
5832
5834
5834
5832
5834
5834
5832
5834
5834
5832
5834
5834
5832
5834
5834
5832
5834
5834
5832
5834
5834
5832
5834
5834
5832
5834
5834
5832
5834
5834
5832
5834
5834
5832
5834
5834
5832
5834
5834
5832
5834
5834
5832
5834
5834
5832
5834
5834
5832
5834
5834
5832
5834
5834
5832
5834
5834
5832
5834
5834
5832
5834
5834
5832
5834
5834
5832
5834
5834
5832
5834
5834
5832
5834
5834
5832
5834
5834
5832
5834
5834
5832
5834
5834
5832
5834
5834
5832
5834
5834
5832
5834
5834
5832
5834
5834
5832
5834
5834
5832
5834
5834
5832
5834
5834
5832
5834
5834
5832
5834
5834
5832
5834
5834
5832
5834
5834
5832
5834
5834
5832
5834
5834
5832
5834
5834
5832
5834
5834
5832
5834
5834
5832
5834
5834
5832
5834
5834
5832
5834
5834
5832
5834
5834
5832
5834
5834
5832
5834
5834
5832
5834
5834
5832
5834
5834
5832
5834
5834
5832
5834
5834
5832
5834
5834
5832
5834
5834
5832
5834
5834
5832
5834
5834
5832
5834
5834
5832
5834
5834
5832
5834
5834
5832
5834
5834
5832
5834
5834
6332
7104
7103
7085
7102
7102
7134
9207
9215
9126
9210
9101
9202
9087
9180
9123
9213
9178
9126
9214
9123
9213
9094
9208
9096
9206
9126
9178
9176
9126
9214
9122
9212
9096
9214
9126
9214
9212
9126
9214
9126
9210
9054
9212
9126
9214
9122
9216
9176
9126
9214
9088
9214
9122
9214
9096
9212
9244
9094
9174
9088
9168
9101
9207
9074
9116
9128
9090
9208
9096
9208
9122
9180
9123
9213
9178
9126
9214
9120
9182
9122
9180
9122
9214
9094
9244
9142
9088
9214
9126
9174
9088
9214
9126
9214
9212
9048
9134
9120
9182
9088
9181
9083
9236
9220
9094
9221
9083
9208
9050
9214
9088
9214
9172
9088
9162
9071
9241
9085
9171
9094
9214
9134
9088
9208
9051
9217
9050
9214
9122
9214
9216
9126
9210
9096
9208
9122
9178
9088
9174
9090
9244
9218
9120
9186
9124
9214
9126
9214
9088
9214
9212
9126
9214
9088
9214
9120
9216
9088
9147
9151
9180
9216
9124
9214
9122
9215
9117
9222
9094
9094
9210
9101
9167
9122
9218
9085
9179
9124
9168
9178
9080
9182
9088
9176
9126
9176
9010
9214
9168
9094
9216
9124
9214
9126
9176
9088
9206
9178
9126
9211
9087
9218
9120
9216
9088
9212
9088
9216
9214
9126
9174
9126
9176
9126
9214
9126
9210
9216
9123
9217
9090
9221
9119
9214
9126
9098
9172
9090
9221
9119
9214
9057
9237
9082
9190
9080
9180
9200
9058
9170
9096
9210
9090
9221
9119
9200
9224
9088
9210
9096
9236
9102
9214
9123
9217
9212
9090
9212
9123
9179
9126
9214
9092
9236
9102
9214
9210
9088
9210
9101
9237
9096
9214
9126
9214
9212
9010
9214
9036
9069
9117
9222
9094
9214
9207
9117
9188
9085
9213
9094
9221
9119
9134
9214
9090
9212
9088
9206
9088
9216
9088
9214
9122
9214
9135
9117
9222
9051
9213
9094
9208
9088
9214
9178
9126
9176
9126
9214
9050
9200
9058
9212
9144
9086
9221
9119
9214
9126
9176
9123
9171
9142
9088
9214
9126
9176
9050
9214
9126
9214
9190
9104
9216
9050
9214
9126
9145
9083
9212
9116
9182
9214
9122
9214
9094
9206
9052
9218
9120
9180
9212
9088
9210
9122
9214
9096
9212
9088
9214
9210
9122
9098
9096
9172
9097
9237
8858
9180
9212
9088
9172
9122
9180
9050
9207
9117
9222
9178
9122
9180
9122
9099
9117
9222
9094
9214
9242
9096
9208
9094
9214
9126
9176
9126
9211
9117
9186
9206
9101
9085
9088
9216
9088
9214
9088
9214
9212
9088
9206
9088
9216
9122
9215
9117
9148
9236
9102
9214
9088
9208
9086
9186
9124
9214
9218
9082
9208
9096
9172
9122
9214
9101
9203
9120
9180
9214
9126
9214
9061
9203
9088
9206
9096
9212
9244
9094
9221
9083
9240
9082
9222
9094
9210
9156
9144
9172
9122
9214
9096
9212
9126
9214
9123
9217
9212
9088
9214
9123
9217
9090
9221
9119
9216
9126
9094
9214
9126
9214
9050
9214
9057
9203
9122
9216
9214
9122
9214
9094
9216
9124
9214
9126
9166
9144
9126
9176
9088
9214
9088
9214
9122
9180
9098
9086
9221
9075
9178
9088
9084
9102
9214
9219
9119
9214
9088
9214
9088
9214
9126
9214
9190
9096
9186
9088
9212
9126
9214
9114
9222
9094
9216
9240
8974
9128
9102
9134
9088
9174
9152
9032
9134
9126
9176
9122
9218
9120
9216
9094
9183
9203
9088
9206
9094
9214
9088
9092
9126
9210
9182
9088
9181
9075
9216
9114
9222
9094
9174
9212
9088
9212
9080
9104
9090
9216
9080
9180
9204
9082
9190
9126
9214
9088
9214
9126
9211
9215
9088
9183
9119
9214
9088
9214
8972
9176
9244
9098
9170
9122
9212
9096
9214
9088
9216
9124
9176
9244
9094
9216
9124
9214
9122
9215
9087
9214
9216
9088
9169
9087
9218
9120
9186
9000
9028
9134
9126
9198
9102
9176
9126
9214
9126
9214
9212
9123
9179
9052
9206
9094
9214
9126
9214
9096
9080
9216
9088
9142
9088
9214
9088
9162
9224
9088
9212
9126
9176
9122
9218
9085
9217
9122
9176
9216
9123
9217
9090
9221
9083
9156
9104
9214
9212
9126
9214
9122
9138
9114
9190
9126
9214
9134
9088
9206
9082
9186
9088
9214
9122
9214
9178
9126
9176
9050
9172
9088
9214
9126
9176
9210
9088
9098
9122
9111
9083
9212
9126
9214
9213
9089
9212
9088
9244
9094
9214
9126
9198
9102
9214
9219
9083
9208
9122
9218
9120
9186
9124
9214
9244
9086
9180
9050
9183
9119
9214
8972
