1.1676
1.1668
1.1668
1.1664
1.1668
1.1668
1.1664
1.1668
1.1668
1.1664
1.1668
1.1668
1.1664
1.1668
1.1668
1.1664
1.1668
1.1668
1.1664
1.1668
1.1668
1.1664
1.1668
1.1668
1.1664
1.1668
1.1668
1.1664
1.1668
1.1668
1.1664
1.1668
1.1668
1.1664
1.1668
1.1668
1.1664
1.1668
1.1668
1.1664
1.1668
1.1668
1.1664
1.1668
1.1668
1.1664
1.1668
1.1668
1.1664
1.1668
1.1668
1.1664
1.1668
1.1668
1.1664
1.1668
1.1668
1.1664
1.1668
1.1668
1.1664
1.1668
1.1668
1.1664
1.1668
1.1668
1.1664
1.1668
1.1668
1.1664
1.1668
1.1668
1.1664
1.1668
1.1668
1.1664
1.1668
1.1668
1.1664
1.1668
1.1668
1.1664
1.1668
1.1668
1.1664
1.1668
1.1668
1.1664
1.1668
1.1668
1.1664
1.1668
1.1668
1.1664
1.1668
1.1668
1.1664
1.1668
1.1668
1.1664
1.1668
1.1668
1.1664
1.1668
1.1668
1.1664
1.1668
1.1668
1.1664
1.1668
1.1668
1.1664
1.1668
1.1668
1.1664
1.1668
1.1668
1.1664
1.1668
1.1668
1.1664
1.1668
1.1668
1.1664
1.1668
1.1668
1.1664
1.1668
1.1668
1.1664
1.1668
1.1668
1.1664
1.1668
1.1668
1.1664
1.1668
1.1668
1.1664
1.1668
1.1668
1.1664
1.1668
1.1668
1.1664
1.1668
1.1668
1.1664
1.1668
1.1668
1.1664
1.1668
1.1668
1.1664
1.1668
1.1668
1.1664
1.1668
1.1668
1.1664
1.1668
1.1668
1.1664
1.1668
1.1668
1.1664
1.1668
1.1668
1.1664
1.1668
1.1668
1.1664
1.1668
1.1668
1.1664
1.1668
1.1668
1.1664
1.1668
1.1668
1.1664
1.1668
1.1668
1.1664
1.1668
1.1668
1.1664
1.1668
1.1668
1.1664
1.1668
1.1668
1.1664
1.1668
1.1668
1.1664
1.1668
1.1668
1.1664
1.1668
1.1668
1.1664
1.1668
1.1668
1.1664
1.1668
1.1668
1.1664
1.1668
1.1668
1.1664
1.1668
1.1668
1.1664
1.1668
1.1668
1.1664
1.1668
1.1668
1.1664
1.1668
1.1668
1.1664
1.1668
1.1668
1.1664
1.1668
1.1668
1.1664
1.1668
1.1668
1.1664
1.1668
1.1668
1.1664
1.1668
1.1668
1.1664
1.1668
1.1668
1.1664
1.1668
1.1668
1.1664
1.1668
1.1668
1.1664
1.1668
1.1668
1.1664
1.1668
1.1668
1.1664
1.1668
1.1668
1.2664
1.4208
1.4206
1.417
1.4204
1.4204
1.4268
1.8414
1.843
1.8252
1.842
1.8202
1.8404
1.8174
1.836
1.8246
1.8426
1.8356
1.8252
1.8428
1.8246
1.8426
1.8188
1.8416
1.8192
1.8412
1.8252
1.8356
1.8352
1.8252
1.8428
1.8244
1.8424
1.8192
1.8428
1.8252
1.8428
1.8424
1.8252
1.8428
1.8252
1.842
1.8108
1.8424
1.8252
1.8428
1.8244
1.8432
1.8352
1.8252
1.8428
1.8176
1.8428
1.8244
1.8428
1.8192
1.8424
1.8488
1.8188
1.8348
1.8176
1.8336
1.8202
1.8414
1.8148
1.8232
1.8256
1.818
1.8416
1.8192
1.8416
1.8244
1.836
1.8246
1.8426
1.8356
1.8252
1.8428
1.824
1.8364
1.8244
1.836
1.8244
1.8428
1.8188
1.8488
1.8284
1.8176
1.8428
1.8252
1.8348
1.8176
1.8428
1.8252
1.8428
1.8424
1.8096
1.8268
1.824
1.8364
1.8176
1.8362
1.8166
1.8472
1.844
1.8188
1.8442
1.8166
1.8416
1.81
1.8428
1.8176
1.8428
1.8344
1.8176
1.8324
1.8142
1.8482
1.817
1.8342
1.8188
1.8428
1.8268
1.8176
1.8416
1.8102
1.8434
1.81
1.8428
1.8244
1.8428
1.8432
1.8252
1.842
1.8192
1.8416
1.8244
1.8356
1.8176
1.8348
1.818
1.8488
1.8436
1.824
1.8372
1.8248
1.8428
1.8252
1.8428
1.8176
1.8428
1.8424
1.8252
1.8428
1.8176
1.8428
1.824
1.8432
1.8176
1.8294
1.8302
1.836
1.8432
1.8248
1.8428
1.8244
1.843
1.8234
1.8444
1.8188
1.8188
1.842
1.8202
1.8334
1.8244
1.8436
1.817
1.8358
1.8248
1.8336
1.8356
1.816
1.8364
1.8176
1.8352
1.8252
1.8352
1.802
1.8428
1.8336
1.8188
1.8432
1.8248
1.8428
1.8252
1.8352
1.8176
1.8412
1.8356
1.8252
1.8422
1.8174
1.8436
1.824
1.8432
1.8176
1.8424
1.8176
1.8432
1.8428
1.8252
1.8348
1.8252
1.8352
1.8252
1.8428
1.8252
1.842
1.8432
1.8246
1.8434
1.818
1.8442
1.8238
1.8428
1.8252
1.8196
1.8344
1.818
1.8442
1.8238
1.8428
1.8114
1.8474
1.8164
1.838
1.816
1.836
1.84
1.8116
1.834
1.8192
1.842
1.818
1.8442
1.8238
1.84
1.8448
1.8176
1.842
1.8192
1.8472
1.8204
1.8428
1.8246
1.8434
1.8424
1.818
1.8424
1.8246
1.8358
1.8252
1.8428
1.8184
1.8472
1.8204
1.8428
1.842
1.8176
1.842
1.8202
1.8474
1.8192
1.8428
1.8252
1.8428
1.8424
1.802
1.8428
1.8072
1.8138
1.8234
1.8444
1.8188
1.8428
1.8414
1.8234
1.8376
1.817
1.8426
1.8188
1.8442
1.8238
1.8268
1.8428
1.818
1.8424
1.8176
1.8412
1.8176
1.8432
1.8176
1.8428
1.8244
1.8428
1.827
1.8234
1.8444
1.8102
1.8426
1.8188
1.8416
1.8176
1.8428
1.8356
1.8252
1.8352
1.8252
1.8428
1.81
1.84
1.8116
1.8424
1.8288
1.8172
1.8442
1.8238
1.8428
1.8252
1.8352
1.8246
1.8342
1.8284
1.8176
1.8428
1.8252
1.8352
1.81
1.8428
1.8252
1.8428
1.838
1.8208
1.8432
1.81
1.8428
1.8252
1.829
1.8166
1.8424
1.8232
1.8364
1.8428
1.8244
1.8428
1.8188
1.8412
1.8104
1.8436
1.824
1.836
1.8424
1.8176
1.842
1.8244
1.8428
1.8192
1.8424
1.8176
1.8428
1.842
1.8244
1.8196
1.8192
1.8344
1.8194
1.8474
1.7716
1.836
1.8424
1.8176
1.8344
1.8244
1.836
1.81
1.8414
1.8234
1.8444
1.8356
1.8244
1.836
1.8244
1.8198
1.8234
1.8444
1.8188
1.8428
1.8484
1.8192
1.8416
1.8188
1.8428
1.8252
1.8352
1.8252
1.8422
1.8234
1.8372
1.8412
1.8202
1.817
1.8176
1.8432
1.8176
1.8428
1.8176
1.8428
1.8424
1.8176
1.8412
1.8176
1.8432
1.8244
1.843
1.8234
1.8296
1.8472
1.8204
1.8428
1.8176
1.8416
1.8172
1.8372
1.8248
1.8428
1.8436
1.8164
1.8416
1.8192
1.8344
1.8244
1.8428
1.8202
1.8406
1.824
1.836
1.8428
1.8252
1.8428
1.8122
1.8406
1.8176
1.8412
1.8192
1.8424
1.8488
1.8188
1.8442
1.8166
1.848
1.8164
1.8444
1.8188
1.842
1.8312
1.8288
1.8344
1.8244
1.8428
1.8192
1.8424
1.8252
1.8428
1.8246
1.8434
1.8424
1.8176
1.8428
1.8246
1.8434
1.818
1.8442
1.8238
1.8432
1.8252
1.8188
1.8428
1.8252
1.8428
1.81
1.8428
1.8114
1.8406
1.8244
1.8432
1.8428
1.8244
1.8428
1.8188
1.8432
1.8248
1.8428
1.8252
1.8332
1.8288
1.8252
1.8352
1.8176
1.8428
1.8176
1.8428
1.8244
1.836
1.8196
1.8172
1.8442
1.815
1.8356
1.8176
1.8168
1.8204
1.8428
1.8438
1.8238
1.8428
1.8176
1.8428
1.8176
1.8428
1.8252
1.8428
1.838
1.8192
1.8372
1.8176
1.8424
1.8252
1.8428
1.8228
1.8444
1.8188
1.8432
1.848
1.7948
1.8256
1.8204
1.8268
1.8176
1.8348
1.8304
1.8064
1.8268
1.8252
1.8352
1.8244
1.8436
1.824
1.8432
1.8188
1.8366
1.8406
1.8176
1.8412
1.8188
1.8428
1.8176
1.8184
1.8252
1.842
1.8364
1.8176
1.8362
1.815
1.8432
1.8228
1.8444
1.8188
1.8348
1.8424
1.8176
1.8424
1.816
1.8208
1.818
1.8432
1.816
1.836
1.8408
1.8164
1.838
1.8252
1.8428
1.8176
1.8428
1.8252
1.8422
1.843
1.8176
1.8366
1.8238
1.8428
1.8176
1.8428
1.7944
1.8352
1.8488
1.8196
1.834
1.8244
1.8424
1.8192
1.8428
1.8176
1.8432
1.8248
1.8352
1.8488
1.8188
1.8432
1.8248
1.8428
1.8244
1.843
1.8174
1.8428
1.8432
1.8176
1.8338
1.8174
1.8436
1.824
1.8372
1.8
1.8056
1.8268
1.8252
1.8396
1.8204
1.8352
1.8252
1.8428
1.8252
1.8428
1.8424
1.8246
1.8358
1.8104
1.8412
1.8188
1.8428
1.8252
1.8428
1.8192
1.816
1.8432
1.8176
1.8284
1.8176
1.8428
1.8176
1.8324
1.8448
1.8176
1.8424
1.8252
1.8352
1.8244
1.8436
1.817
1.8434
1.8244
1.8352
1.8432
1.8246
1.8434
1.818
1.8442
1.8166
1.8312
1.8208
1.8428
1.8424
1.8252
1.8428
1.8244
1.8276
1.8228
1.838
1.8252
1.8428
1.8268
1.8176
1.8412
1.8164
1.8372
1.8176
1.8428
1.8244
1.8428
1.8356
1.8252
1.8352
1.81
1.8344
1.8176
1.8428
1.8252
1.8352
1.842
1.8176
1.8196
1.8244
1.8222
1.8166
1.8424
1.8252
1.8428
1.8426
1.8178
1.8424
1.8176
1.8488
1.8188
1.8428
1.8252
1.8396
1.8204
1.8428
1.8438
1.8166
1.8416
1.8244
1.8436
1.824
1.8372
1.8248
1.8428
1.8488
1.8172
1.836
1.81
1.8366
1.8238
1.8428
1.7944
