419
417
417
416
417
417
416
417
417
416
417
417
416
417
417
416
417
417
416
417
417
416
417
417
416
417
417
416
417
417
416
417
417
416
417
417
416
417
417
416
417
417
416
417
417
416
417
417
416
417
417
416
417
417
416
417
417
416
417
417
416
417
417
416
417
417
416
417
417
416
417
417
416
417
417
416
417
417
416
417
417
416
417
417
416
417
417
416
417
417
416
417
417
416
417
417
416
417
417
416
417
417
416
417
417
416
417
417
416
417
417
416
417
417
416
417
417
416
417
417
416
417
417
416
417
417
416
417
417
416
417
417
416
417
417
416
417
417
416
417
417
416
417
417
416
417
417
416
417
417
416
417
417
416
417
417
416
417
417
416
417
417
416
417
417
416
417
417
416
417
417
416
417
417
416
417
417
416
417
417
416
417
417
416
417
417
416
417
417
416
417
417
416
417
417
416
417
417
416
417
417
416
417
417
416
417
417
416
417
417
416
417
417
416
417
417
416
417
417
416
417
417
416
417
417
416
417
417
416
417
417
416
417
417
416
417
417
416
417
417
416
417
417
416
417
417
416
417
417
416
417
417
416
417
417
602
890
889
883
889
889
895
1519
1523
1493
1520
1482
1520
1480
1511
1491
1522
1510
1493
1522
1491
1522
1482
1520
1482
1520
1493
1510
1509
1493
1522
1491
1518
1486
1522
1493
1522
1521
1493
1522
1493
1520
1469
1521
1493
1522
1491
1523
1509
1493
1522
1480
1522
1489
1524
1482
1522
1532
1482
1509
1480
1506
1482
1522
1470
1495
1493
1480
1520
1482
1521
1491
1511
1491
1522
1510
1493
1522
1487
1515
1489
1513
1491
1522
1482
1530
1500
1480
1522
1493
1508
1480
1522
1493
1522
1521
1467
1495
1487
1515
1480
1508
1480
1525
1529
1482
1522
1480
1521
1467
1522
1480
1522
1508
1480
1499
1477
1534
1478
1508
1482
1522
1495
1480
1518
1469
1524
1467
1522
1491
1522
1523
1493
1520
1482
1521
1491
1510
1480
1509
1480
1532
1524
1487
1515
1493
1522
1493
1522
1480
1522
1521
1493
1522
1480
1522
1487
1526
1478
1499
1504
1510
1522
1493
1522
1491
1522
1485
1528
1484
1482
1520
1482
1509
1491
1524
1478
1510
1493
1506
1510
1474
1515
1480
1509
1493
1509
1454
1522
1504
1484
1522
1493
1522
1493
1509
1480
1517
1512
1493
1520
1480
1524
1487
1526
1478
1523
1480
1523
1522
1493
1508
1493
1509
1493
1522
1493
1520
1523
1491
1524
1480
1522
1493
1522
1493
1483
1508
1480
1522
1493
1522
1467
1529
1476
1519
1474
1514
1512
1475
1504
1486
1521
1480
1522
1493
1512
1531
1480
1520
1482
1525
1490
1522
1491
1524
1521
1481
1521
1491
1511
1493
1522
1480
1525
1490
1522
1521
1480
1520
1482
1529
1486
1522
1493
1522
1521
1454
1522
1457
1478
1485
1528
1484
1522
1519
1485
1519
1478
1522
1482
1522
1493
1495
1522
1481
1521
1480
1519
1480
1523
1480
1522
1489
1524
1495
1485
1528
1469
1522
1482
1520
1480
1522
1510
1493
1509
1493
1522
1467
1512
1475
1518
1501
1480
1522
1493
1522
1493
1509
1491
1508
1498
1480
1522
1493
1509
1467
1522
1493
1522
1515
1484
1523
1467
1522
1493
1496
1480
1522
1490
1511
1522
1491
1522
1482
1516
1471
1524
1487
1514
1521
1480
1521
1489
1524
1482
1522
1480
1522
1521
1491
1483
1482
1509
1480
1529
1406
1511
1521
1480
1508
1491
1511
1467
1519
1485
1528
1512
1491
1511
1491
1483
1485
1528
1484
1522
1528
1486
1518
1484
1522
1493
1509
1493
1520
1485
1518
1519
1482
1481
1480
1523
1480
1522
1480
1522
1521
1480
1519
1478
1525
1491
1522
1485
1505
1524
1490
1522
1480
1518
1478
1515
1493
1522
1524
1477
1520
1483
1508
1491
1522
1482
1521
1487
1514
1522
1493
1522
1470
1519
1480
1519
1482
1522
1532
1482
1522
1480
1528
1476
1528
1484
1521
1503
1498
1508
1489
1524
1482
1522
1493
1522
1491
1524
1521
1480
1522
1491
1524
1480
1522
1493
1523
1490
1484
1522
1493
1522
1467
1522
1467
1521
1491
1523
1522
1491
1520
1484
1522
1493
1522
1493
1502
1502
1493
1509
1480
1522
1480
1522
1491
1511
1482
1480
1522
1478
1510
1480
1473
1490
1522
1521
1493
1522
1480
1522
1480
1522
1493
1522
1515
1476
1518
1480
1521
1493
1522
1483
1528
1484
1522
1528
1445
1488
1490
1495
1480
1509
1502
1460
1495
1493
1509
1491
1524
1487
1526
1482
1509
1521
1480
1519
1482
1522
1480
1481
1493
1517
1515
1480
1508
1478
1523
1483
1528
1484
1509
1521
1480
1521
1474
1489
1480
1522
1476
1513
1515
1476
1519
1493
1522
1480
1522
1493
1520
1523
1480
1509
1493
1522
1480
1522
1441
1509
1532
1484
1507
1491
1518
1486
1522
1480
1522
1493
1509
1530
1484
1522
1493
1522
1491
1522
1480
1520
1525
1480
1506
1480
1524
1487
1515
1448
1463
1495
1493
1511
1490
1509
1493
1522
1493
1522
1521
1491
1511
1468
1519
1482
1522
1493
1522
1482
1474
1526
1478
1500
1480
1522
1480
1499
1531
1480
1521
1493
1509
1491
1524
1478
1524
1491
1509
1523
1491
1524
1480
1522
1480
1498
1491
1522
1521
1493
1522
1491
1497
1483
1519
1493
1522
1495
1480
1516
1476
1518
1480
1522
1491
1522
1510
1493
1509
1467
1508
1480
1522
1493
1509
1521
1480
1483
1491
1485
1480
1522
1493
1522
1521
1481
1521
1480
1530
1484
1522
1493
1511
1490
1522
1521
1480
1521
1491
1524
1487
1515
1493
1522
1530
1478
1514
1467
1509
1493
1522
1441
