6674
6667
6668
6665
6667
6668
6665
6667
6668
6665
6667
6668
6665
6667
6668
6665
6667
6668
6665
6667
6668
6665
6667
6668
6665
6667
6668
6665
6667
6668
6665
6667
6668
6665
6667
6668
6665
6667
6668
6665
6667
6668
6665
6667
6668
6665
6667
6668
6665
6667
6668
6665
6667
6668
6665
6667
6668
6665
6667
6668
6665
6667
6668
6665
6667
6668
6665
6667
6668
6665
6667
6668
6665
6667
6668
6665
6667
6668
6665
6667
6668
6665
6667
6668
6665
6667
6668
6665
6667
6668
6665
6667
6668
6665
6667
6668
6665
6667
6668
6665
6667
6668
6665
6667
6668
6665
6667
6668
6665
6667
6668
6665
6667
6668
6665
6667
6668
6665
6667
6668
6665
6667
6668
6665
6667
6668
6665
6667
6668
6665
6667
6668
6665
6667
6668
6665
6667
6668
6665
6667
6668
6665
6667
6668
6665
6667
6668
6665
6667
6668
6665
6667
6668
6665
6667
6668
6665
6667
6668
6665
6667
6668
6665
6667
6668
6665
6667
6668
6665
6667
6668
6665
6667
6668
6665
6667
6668
6665
6667
6668
6665
6667
6668
6665
6667
6668
6665
6667
6668
6665
6667
6668
6665
6667
6668
6665
6667
6668
6665
6667
6668
6665
6667
6668
6665
6667
6668
6665
6667
6668
6665
6667
6668
6665
6667
6668
6665
6667
6668
6665
6667
6668
6665
6667
6668
6665
6667
6668
6665
6667
6668
6665
6667
6668
6665
6667
6668
6665
6667
6668
6665
6667
6668
6665
6667
6668
6665
6667
6668
6665
6667
6668
6665
6667
6668
7217
8074
8075
8046
8072
8071
8111
10620
10628
10516
10621
10488
10613
10468
10589
10512
10625
10585
10516
10628
10512
10625
10477
10621
10480
10618
10517
10585
10582
10516
10627
10510
10627
10478
10627
10517
10627
10624
10517
10627
10516
10621
10432
10624
10516
10628
10510
10630
10582
10516
10628
10471
10627
10510
10627
10480
10625
10663
10477
10582
10471
10572
10488
10617
10458
10510
10527
10471
10621
10480
10622
10509
10589
10512
10625
10585
10516
10628
10509
10589
10510
10588
10510
10627
10478
10663
10543
10471
10627
10516
10579
10471
10627
10517
10627
10624
10425
10534
10509
10589
10471
10589
10463
10657
10631
10477
10638
10463
10622
10425
10627
10471
10628
10578
10471
10569
10449
10659
10467
10576
10478
10627
10533
10471
10621
10428
10631
10426
10627
10510
10627
10631
10516
10621
10480
10622
10509
10585
10471
10582
10471
10663
10634
10509
10592
10514
10627
10516
10628
10470
10628
10624
10516
10628
10470
10628
10509
10628
10471
10550
10543
10587
10630
10514
10627
10510
10630
10507
10634
10477
10488
10621
10488
10572
10509
10634
10467
10585
10514
10572
10585
10464
10589
10471
10582
10516
10582
10380
10627
10573
10477
10630
10514
10627
10516
10583
10470
10618
10585
10516
10624
10468
10634
10509
10628
10471
10624
10471
10631
10627
10516
10579
10516
10582
10517
10627
10516
10621
10631
10512
10631
10471
10638
10506
10627
10516
10492
10578
10471
10638
10506
10627
10436
10655
10465
10595
10464
10586
10614
10432
10578
10478
10624
10471
10638
10506
10614
10637
10471
10621
10480
10657
10484
10628
10512
10631
10624
10474
10625
10512
10586
10516
10627
10474
10657
10484
10627
10624
10471
10621
10488
10655
10478
10628
10516
10627
10624
10380
10628
10412
10455
10507
10634
10477
10628
10620
10507
10595
10467
10625
10477
10638
10506
10533
10627
10475
10624
10471
10617
10471
10631
10471
10627
10510
10627
10536
10507
10634
10428
10625
10477
10621
10471
10627
10585
10517
10582
10516
10627
10426
10614
10432
10627
10543
10468
10638
10506
10627
10516
10583
10512
10576
10543
10471
10627
10516
10583
10425
10627
10517
10627
10595
10493
10631
10426
10627
10516
10547
10463
10625
10505
10590
10627
10510
10627
10478
10620
10426
10634
10509
10586
10624
10471
10624
10510
10627
10480
10625
10471
10627
10624
10510
10491
10480
10579
10482
10655
10199
10588
10624
10471
10579
10510
10588
10426
10620
10507
10634
10585
10510
10589
10509
10494
10507
10634
10477
10628
10662
10478
10621
10478
10627
10516
10582
10516
10624
10507
10592
10617
10488
10474
10471
10631
10471
10627
10471
10627
10624
10471
10618
10471
10630
10510
10630
10507
10546
10657
10484
10627
10471
10621
10470
10592
10514
10627
10632
10463
10621
10480
10579
10510
10627
10488
10614
10509
10586
10627
10516
10628
10439
10614
10471
10617
10480
10625
10663
10477
10638
10463
10660
10465
10634
10477
10624
10551
10545
10578
10510
10627
10480
10625
10516
10628
10512
10631
10625
10470
10628
10512
10631
10471
10638
10506
10630
10524
10477
10628
10516
10627
10426
10627
10436
10614
10510
10630
10628
10509
10628
10477
10630
10514
10627
10516
10572
10544
10516
10582
10471
10627
10471
10628
10509
10589
10490
10468
10638
10454
10585
10471
10478
10484
10627
10635
10506
10627
10471
10627
10471
10628
10516
10627
10596
10486
10592
10471
10624
10516
10628
10503
10634
10477
10630
10660
10335
10530
10484
10533
10471
10582
10550
10409
10533
10516
10583
10509
10634
10509
10628
10477
10593
10614
10471
10617
10477
10628
10471
10484
10516
10624
10589
10471
10589
10454
10631
10503
10634
10477
10582
10624
10471
10624
10464
10498
10471
10630
10462
10588
10617
10465
10595
10517
10627
10471
10627
10516
10624
10628
10471
10592
10506
10628
10470
10628
10334
10582
10663
10484
10575
10510
10627
10478
10627
10471
10630
10513
10583
10663
10477
10630
10514
10627
10510
10630
10468
10628
10630
10471
10575
10468
10634
10509
10592
10370
10408
10533
10516
10611
10484
10582
10517
10627
10516
10627
10625
10512
10586
10428
10618
10477
10628
10516
10628
10487
10464
10628
10471
10543
10471
10627
10471
10569
10637
10471
10624
10516
10583
10509
10634
10467
10631
10511
10581
10631
10512
10631
10471
10638
10463
10563
10487
10628
10624
10516
10627
10510
10539
10504
10595
10517
10627
10533
10471
10620
10465
10592
10471
10627
10510
10627
10585
10517
10582
10425
10579
10471
10627
10516
10582
10624
10471
10491
10510
10508
10463
10625
10516
10628
10625
10473
10624
10471
10663
10477
10628
10516
10611
10484
10627
10635
10463
10622
10509
10634
10509
10592
10514
10627
10663
10470
10586
10426
10592
10506
10627
10335
