2502
2501
2500
2499
2501
2500
2499
2501
2500
2499
2501
2500
2499
2501
2500
2499
2501
2500
2499
2501
2500
2499
2501
2500
2499
2501
2500
2499
2501
2500
2499
2501
2500
2499
2501
2500
2499
2501
2500
2499
2501
2500
2499
2501
2500
2499
2501
2500
2499
2501
2500
2499
2501
2500
2499
2501
2500
2499
2501
2500
2499
2501
2500
2499
2501
2500
2499
2501
2500
2499
2501
2500
2499
2501
2500
2499
2501
2500
2499
2501
2500
2499
2501
2500
2499
2501
2500
2499
2501
2500
2499
2501
2500
2499
2501
2500
2499
2501
2500
2499
2501
2500
2499
2501
2500
2499
2501
2500
2499
2501
2500
2499
2501
2500
2499
2501
2500
2499
2501
2500
2499
2501
2500
2499
2501
2500
2499
2501
2500
2499
2501
2500
2499
2501
2500
2499
2501
2500
2499
2501
2500
2499
2501
2500
2499
2501
2500
2499
2501
2500
2499
2501
2500
2499
2501
2500
2499
2501
2500
2499
2501
2500
2499
2501
2500
2499
2501
2500
2499
2501
2500
2499
2501
2500
2499
2501
2500
2499
2501
2500
2499
2501
2500
2499
2501
2500
2499
2501
2500
2499
2501
2500
2499
2501
2500
2499
2501
2500
2499
2501
2500
2499
2501
2500
2499
2501
2500
2499
2501
2500
2499
2501
2500
2499
2501
2500
2499
2501
2500
2499
2501
2500
2499
2501
2500
2499
2501
2500
2499
2501
2500
2499
2501
2500
2499
2501
2500
2499
2501
2500
2499
2501
2500
2499
2501
2500
2499
2501
2500
2499
2501
2500
2499
2501
2500
2567
2659
2667
2658
2659
2666
2673
3088
3081
3072
3086
3069
3081
3063
3078
3072
3083
3077
3072
3085
3072
3083
3065
3084
3066
3084
3066
3083
3076
3072
3085
3070
3087
3061
3087
3070
3084
3085
3071
3084
3072
3084
3058
3083
3072
3085
3064
3090
3078
3072
3085
3064
3085
3071
3084
3066
3082
3092
3065
3077
3065
3079
3069
3079
3067
3069
3066
3065
3084
3066
3083
3071
3078
3072
3083
3077
3072
3085
3072
3077
3071
3077
3071
3086
3061
3094
3070
3065
3083
3072
3079
3063
3087
3070
3083
3086
3058
3072
3072
3077
3065
3083
3060
3092
3082
3065
3090
3060
3083
3055
3084
3064
3088
3079
3063
3082
3061
3086
3065
3076
3064
3083
3074
3063
3087
3059
3083
3058
3083
3072
3086
3083
3072
3084
3066
3083
3071
3078
3063
3079
3065
3091
3085
3071
3079
3068
3083
3072
3086
3064
3086
3081
3072
3086
3064
3086
3071
3083
3065
3077
3067
3082
3087
3068
3083
3073
3087
3071
3083
3063
3066
3086
3069
3073
3071
3085
3065
3078
3068
3080
3078
3065
3077
3065
3076
3072
3076
3054
3085
3079
3063
3087
3068
3083
3072
3080
3064
3085
3075
3072
3088
3063
3085
3071
3083
3065
3085
3063
3085
3083
3072
3077
3072
3078
3071
3084
3072
3084
3085
3072
3083
3065
3090
3063
3085
3072
3066
3078
3065
3090
3063
3085
3065
3087
3065
3077
3065
3075
3089
3055
3080
3061
3086
3065
3090
3063
3089
3082
3065
3084
3066
3092
3059
3088
3072
3083
3083
3065
3086
3072
3076
3072
3083
3067
3092
3059
3087
3084
3065
3086
3069
3087
3061
3086
3072
3083
3085
3052
3085
3060
3059
3071
3083
3063
3084
3088
3071
3077
3065
3083
3065
3090
3063
3072
3087
3064
3083
3065
3086
3063
3085
3064
3085
3071
3084
3074
3071
3083
3059
3083
3065
3084
3064
3086
3075
3074
3076
3072
3085
3056
3089
3055
3087
3072
3063
3090
3063
3085
3072
3079
3072
3076
3070
3065
3085
3072
3079
3056
3087
3070
3083
3079
3072
3084
3058
3083
3072
3078
3060
3082
3064
3087
3083
3071
3086
3061
3089
3057
3085
3071
3075
3086
3063
3086
3071
3084
3066
3082
3063
3087
3084
3071
3066
3066
3077
3070
3087
3024
3079
3082
3063
3081
3071
3079
3056
3088
3071
3083
3078
3070
3079
3071
3067
3071
3083
3060
3087
3094
3061
3087
3064
3083
3072
3076
3072
3088
3071
3075
3086
3069
3061
3063
3085
3064
3085
3065
3085
3083
3063
3086
3065
3084
3070
3087
3071
3067
3096
3059
3087
3063
3087
3065
3079
3068
3083
3083
3068
3085
3069
3073
3071
3086
3069
3080
3071
3079
3081
3072
3086
3066
3075
3065
3084
3066
3082
3092
3065
3090
3060
3091
3065
3083
3063
3084
3069
3081
3078
3071
3084
3066
3082
3072
3085
3072
3083
3085
3064
3085
3072
3083
3065
3090
3063
3089
3070
3063
3084
3072
3085
3056
3085
3065
3079
3064
3090
3086
3071
3085
3063
3087
3068
3083
3072
3081
3070
3072
3076
3065
3083
3065
3087
3071
3078
3067
3063
3090
3058
3077
3063
3071
3059
3087
3091
3063
3085
3063
3084
3064
3088
3072
3083
3077
3075
3076
3065
3081
3072
3086
3073
3083
3063
3087
3091
3043
3075
3059
3074
3063
3081
3070
3058
3070
3072
3080
3071
3085
3071
3083
3062
3087
3079
3064
3084
3065
3082
3065
3067
3068
3089
3077
3065
3083
3058
3085
3073
3083
3063
3079
3083
3063
3088
3065
3065
3063
3087
3063
3077
3087
3065
3077
3070
3083
3065
3083
3072
3088
3081
3065
3085
3063
3087
3064
3085
3042
3081
3091
3068
3075
3070
3087
3061
3087
3063
3087
3063
3082
3094
3063
3087
3069
3085
3070
3087
3063
3085
3084
3063
3081
3063
3085
3071
3079
3051
3052
3070
3072
3087
3059
3081
3071
3084
3072
3083
3086
3072
3076
3062
3081
3065
3082
3072
3086
3066
3065
3083
3065
3070
3065
3086
3063
3082
3082
3065
3081
3072
3080
3071
3085
3065
3083
3066
3083
3085
3072
3083
3065
3090
3060
3079
3061
3086
3083
3072
3085
3070
3076
3069
3077
3070
3083
3072
3063
3089
3065
3075
3065
3084
3071
3086
3078
3070
3077
3060
3075
3065
3085
3072
3078
3084
3065
3065
3071
3072
3060
3082
3072
3085
3082
3066
3084
3063
3094
3063
3084
3072
3087
3059
3087
3091
3060
3083
3071
3085
3071
3079
3068
3083
3094
3065
3076
3058
3085
3063
3085
3045
