2917
2916
2917
2917
2916
2917
2917
2916
2917
2917
2916
2917
2917
2916
2917
2917
2916
2917
2917
2916
2917
2917
2916
2917
2917
2916
2917
2917
2916
2917
2917
2916
2917
2917
2916
2917
2917
2916
2917
2917
2916
2917
2917
2916
2917
2917
2916
2917
2917
2916
2917
2917
2916
2917
2917
2916
2917
2917
2916
2917
2917
2916
2917
2917
2916
2917
2917
2916
2917
2917
2916
2917
2917
2916
2917
2917
2916
2917
2917
2916
2917
2917
2916
2917
2917
2916
2917
2917
2916
2917
2917
2916
2917
2917
2916
2917
2917
2916
2917
2917
2916
2917
2917
2916
2917
2917
2916
2917
2917
2916
2917
2917
2916
2917
2917
2916
2917
2917
2916
2917
2917
2916
2917
2917
2916
2917
2917
2916
2917
2917
2916
2917
2917
2916
2917
2917
2916
2917
2917
2916
2917
2917
2916
2917
2917
2916
2917
2917
2916
2917
2917
2916
2917
2917
2916
2917
2917
2916
2917
2917
2916
2917
2917
2916
2917
2917
2916
2917
2917
2916
2917
2917
2916
2917
2917
2916
2917
2917
2916
2917
2917
2916
2917
2917
2916
2917
2917
2916
2917
2917
2916
2917
2917
2916
2917
2917
2916
2917
2917
2916
2917
2917
2916
2917
2917
2916
2917
2917
2916
2917
2917
2916
2917
2917
2916
2917
2917
2916
2917
2917
2916
2917
2917
2916
2917
2917
2916
2917
2917
2916
2917
2917
2916
2917
2917
2916
2917
2917
2916
2917
2917
2916
2917
2917
2916
2917
2917
2916
2917
2917
2916
2917
2917
2916
2917
3163
3555
3547
3544
3554
3547
3566
4600
4611
4561
4604
4548
4603
4544
4591
4560
4608
4591
4561
4607
4560
4608
4547
4604
4547
4603
4567
4585
4591
4561
4607
4561
4604
4552
4605
4563
4608
4606
4562
4608
4561
4606
4527
4608
4561
4607
4567
4603
4589
4561
4607
4544
4607
4560
4608
4547
4609
4620
4547
4588
4543
4583
4548
4608
4532
4557
4569
4545
4604
4547
4605
4560
4591
4560
4608
4591
4561
4607
4558
4593
4560
4592
4560
4606
4551
4618
4574
4543
4609
4561
4587
4545
4605
4563
4609
4605
4523
4567
4558
4593
4543
4588
4544
4615
4614
4547
4607
4544
4605
4528
4608
4544
4604
4585
4545
4576
4536
4623
4542
4587
4548
4609
4565
4545
4601
4525
4610
4525
4609
4559
4606
4610
4561
4606
4547
4605
4560
4590
4545
4586
4545
4621
4609
4559
4594
4564
4609
4561
4606
4544
4606
4610
4561
4606
4544
4606
4559
4610
4543
4571
4582
4588
4606
4564
4609
4558
4606
4556
4614
4549
4546
4604
4548
4587
4560
4609
4542
4590
4564
4582
4590
4538
4593
4543
4591
4561
4591
4502
4607
4583
4549
4606
4564
4609
4561
4587
4544
4602
4593
4561
4603
4544
4609
4559
4610
4543
4606
4545
4608
4609
4561
4589
4561
4589
4562
4608
4561
4606
4608
4560
4610
4545
4607
4565
4607
4561
4549
4586
4545
4607
4565
4607
4523
4620
4539
4599
4538
4594
4594
4533
4583
4552
4603
4545
4607
4565
4594
4616
4543
4606
4547
4615
4558
4604
4560
4610
4608
4544
4605
4560
4592
4561
4609
4544
4615
4558
4605
4605
4543
4604
4548
4620
4552
4606
4561
4609
4606
4504
4607
4514
4537
4556
4614
4549
4608
4600
4556
4597
4542
4608
4547
4607
4565
4567
4605
4545
4608
4543
4601
4545
4608
4544
4607
4560
4608
4566
4556
4614
4525
4608
4547
4604
4544
4606
4593
4559
4591
4561
4607
4527
4594
4533
4604
4573
4544
4607
4565
4607
4561
4588
4560
4587
4574
4543
4607
4561
4588
4527
4605
4563
4609
4596
4548
4609
4525
4609
4561
4569
4544
4609
4562
4584
4609
4560
4606
4551
4598
4527
4609
4559
4594
4605
4545
4603
4560
4608
4547
4609
4545
4605
4605
4560
4549
4547
4587
4545
4620
4431
4590
4609
4545
4583
4560
4590
4527
4600
4556
4614
4590
4561
4590
4560
4549
4556
4614
4552
4605
4617
4552
4601
4548
4609
4561
4591
4561
4603
4556
4598
4601
4548
4545
4545
4608
4544
4607
4543
4607
4608
4545
4601
4543
4609
4561
4606
4556
4581
4611
4558
4605
4545
4601
4542
4594
4564
4609
4611
4537
4603
4544
4591
4560
4606
4548
4604
4559
4590
4611
4561
4606
4524
4610
4543
4603
4547
4609
4620
4547
4607
4544
4619
4539
4614
4549
4605
4584
4565
4586
4560
4608
4547
4609
4561
4607
4560
4610
4606
4544
4607
4560
4610
4545
4607
4565
4604
4564
4549
4608
4561
4607
4527
4607
4523
4605
4567
4603
4606
4560
4607
4549
4606
4564
4609
4561
4580
4575
4561
4591
4543
4609
4543
4605
4560
4591
4548
4544
4607
4541
4591
4545
4535
4558
4605
4605
4565
4607
4545
4608
4544
4604
4561
4609
4598
4540
4597
4543
4610
4561
4606
4553
4614
4549
4606
4619
4489
4560
4558
4565
4545
4584
4580
4514
4569
4561
4587
4560
4609
4559
4610
4550
4585
4605
4544
4603
4547
4610
4543
4544
4565
4601
4593
4543
4588
4541
4608
4553
4614
4549
4586
4608
4545
4603
4538
4553
4547
4606
4540
4592
4599
4539
4599
4563
4609
4543
4609
4561
4603
4611
4543
4587
4565
4605
4544
4607
4489
4586
4621
4546
4588
4561
4604
4552
4605
4545
4606
4569
4585
4618
4549
4606
4563
4607
4561
4606
4544
4607
4609
4545
4582
4544
4609
4559
4594
4499
4516
4569
4561
4595
4558
4586
4562
4608
4561
4609
4605
4560
4592
4522
4606
4547
4610
4561
4606
4548
4538
4610
4543
4574
4543
4606
4545
4576
4616
4543
4610
4561
4587
4560
4609
4542
4610
4565
4584
4608
4560
4610
4545
4607
4544
4575
4557
4606
4608
4561
4607
4561
4565
4557
4599
4563
4609
4567
4545
4598
4539
4598
4543
4608
4560
4606
4590
4563
4590
4523
4589
4543
4607
4561
4589
4605
4543
4550
4560
4552
4544
4609
4561
4607
4610
4542
4607
4545
4618
4549
4608
4561
4595
4558
4605
4605
4544
4605
4560
4609
4559
4594
4564
4609
4618
4542
4593
4525
4587
4565
4607
4486
