474
484
470
492
470
468
474
470
474
468
492
470
474
480
472
480
474
476
484
470
470
478
470
492
470
468
470
482
475
469
470
484
483
475
486
470
468
484
474
469
492
475
474
478
470
468
474
480
478
474
470
470
474
474
468
474
470
490
482
478
470
470
470
468
470
474
474
474
468
474
480
474
470
474
474
472
474
470
484
478
474
470
478
474
482
470
484
474
469
475
478
470
474
470
482
474
474
470
470
474
482
475
479
468
478
484
470
483
483
478
474
474
470
474
470
468
470
484
478
470
470
470
468
470
482
474
470
470
470
469
469
492
474
470
478
474
470
484
474
472
475
501
470
468
470
470
474
470
474
474
470
468
478
474
470
474
470
474
488
478
486
470
474
474
470
468
475
469
488
480
468
474
474
474
470
478
470
474
484
468
474
478
470
470
468
470
474
470
478
470
472
470
470
474
478
470
470
478
470
482
474
474
324
270
270
270
14
0
0
0
0
0
0
0
0
0
0
0
0
0
0
0
0
0
0
0
0
0
0
0
0
0
0
0
0
0
0
0
0
0
0
0
0
0
0
0
0
0
0
0
0
0
0
0
0
0
0
0
0
0
0
0
0
0
0
0
0
0
0
0
0
0
0
0
0
0
0
0
0
0
0
0
0
0
0
0
0
0
0
0
0
0
0
0
0
0
0
0
0
0
0
0
0
0
0
0
0
0
0
0
0
0
0
0
0
0
0
0
0
0
0
0
0
0
0
0
0
0
0
0
0
0
0
102
646
644
644
468
470
470
474
474
496
470
474
470
468
470
488
486
470
474
484
486
484
468
480
468
470
470
474
470
468
470
474
478
470
474
468
470
480
482
474
470
474
474
492
474
492
470
470
470
482
474
468
474
480
474
468
474
470
474
470
474
468
470
478
484
470
470
474
474
468
470
474
474
470
468
484
474
494
468
478
470
478
480
478
474
474
470
470
470
478
464
470
468
474
494
470
468
470
492
468
474
470
474
470
470
482
478
470
470
468
478
474
470
474
480
474
474
468
502
474
468
488
470
470
474
474
470
474
468
474
470
474
470
482
470
470
470
468
474
468
470
488
478
470
488
470
468
470
468
484
470
468
470
470
474
484
478
468
484
478
470
474
470
478
474
474
480
462
474
470
478
470
470
470
474
468
478
470
474
474
468
470
474
480
482
478
470
474
474
478
474
480
470
468
474
474
468
484
470
474
474
470
474
492
468
470
474
472
494
478
488
484
468
470
468
474
470
474
470
470
468
476
470
468
470
472
474
470
474
474
474
474
480
474
472
470
474
468
470
480
474
474
474
478
470
468
470
470
474
474
468
470
474
470
474
486
470
470
468
476
482
474
478
470
482
470
470
468
480
470
478
474
474
482
474
474
488
474
470
474
502
474
478
472
470
470
470
474
468
470
470
470
472
470
474
470
478
488
476
482
474
474
478
478
474
470
470
478
470
470
478
478
470
474
470
478
476
478
474
470
470
468
478
470
474
468
476
474
470
470
470
468
468
470
470
468
470
474
474
474
484
482
474
470
474
478
474
470
478
480
468
470
468
478
470
470
470
470
474
470
468
488
474
474
470
470
468
474
480
468
474
470
470
474
468
474
470
474
470
474
468
474
470
470
468
470
474
474
470
482
466
482
470
488
488
468
470
470
474
468
470
470
478
470
468
484
470
474
470
468
474
478
474
474
474
480
474
474
468
478
474
470
478
476
482
470
474
470
468
474
474
470
470
468
488
480
468
470
468
470
470
468
470
474
476
492
474
478
468
470
474
478
484
470
474
470
482
484
478
478
470
470
470
470
468
476
468
478
478
470
470
488
488
472
476
474
468
510
478
474
474
470
478
470
474
468
474
470
482
470
470
488
478
474
474
470
478
468
474
470
474
474
470
470
478
464
470
474
478
470
474
474
470
470
478
474
468
476
488
478
470
470
468
470
474
468
474
474
470
470
496
484
474
474
472
474
470
474
470
474
474
474
474
478
474
474
474
474
480
468
470
470
470
468
474
470
468
470
470
470
482
474
484
478
474
484
482
470
470
468
484
470
468
474
474
328
270
271
271
18
0
0
0
0
0
0
0
0
0
0
0
0
0
0
0
0
0
0
0
0
0
0
0
0
0
0
0
0
0
0
0
0
0
0
0
0
0
0
0
0
0
0
0
0
0
0
0
0
0
0
0
0
0
0
0
0
0
0
0
0
0
0
0
0
0
0
0
0
0
0
0
0
0
0
0
0
0
0
0
0
0
0
0
0
0
0
0
