3002
2978
3015
2962
3015
3013
3002
3004
3043
3013
2963
3004
3002
3001
3000
2990
3002
3013
3004
3004
3015
2989
3015
2962
3015
3013
3015
3016
3004
3013
3004
2988
2988
3002
2974
3004
3054
2978
3002
3015
2963
3001
3002
2989
3015
3013
3042
2991
2988
3002
3015
3014
3002
3002
3013
3032
3015
2952
2978
3000
3014
3004
3015
3013
3006
3041
3002
3002
3013
3002
2990
3001
3015
3002
3002
3041
3002
3004
2988
2989
3012
3004
3000
3002
3017
3004
2988
3002
3015
3001
2989
3014
3012
3004
3017
3004
3000
3015
3015
3001
2983
3007
2989
3043
3000
2979
3013
2988
2977
2999
3001
3002
3045
3002
3015
3004
3013
2988
2999
3010
3008
3015
3043
3015
2986
3002
3004
3015
3014
3015
3013
2963
3031
3015
2996
2995
3015
2988
3002
3000
3004
2977
3015
3013
3006
3013
3002
3014
3002
3001
3015
3043
3000
2993
3013
3002
3014
3002
2976
2989
2999
3020
3002
3002
3015
3013
3003
3013
2965
3001
3043
3002
3001
3002
3015
2999
3004
3002
2989
3009
3037
2988
3015
3015
3004
3023
2991
3015
2991
3013
3041
3004
3015
3002
2989
3014
3015
2989
3015
3017
3001
3002
1254
675
676
675
829
833
833
834
833
833
834
833
833
834
833
833
834
833
833
834
833
833
834
833
833
834
833
833
834
833
833
834
833
833
834
833
833
834
833
833
834
833
833
834
833
833
834
833
833
834
833
833
834
833
833
834
833
833
834
833
833
834
833
833
834
833
833
834
833
833
834
833
833
834
833
833
834
833
833
834
833
833
834
833
833
834
833
833
834
833
833
834
833
833
834
833
833
834
833
833
834
833
833
834
833
833
834
833
833
834
833
833
834
833
833
834
833
833
834
833
833
834
833
833
834
833
833
834
833
833
834
984
1773
1773
1773
3010
3005
3014
3002
3002
2960
3005
3001
3015
3043
3015
2976
2974
3004
3011
2979
2975
2977
3054
2991
3013
3004
3015
3001
3015
3013
3004
3002
3029
3015
3002
3014
3014
2990
2987
3002
3014
2992
3042
2963
3005
2963
3010
3015
3015
2976
3002
3054
3002
2991
3002
3006
3009
3014
2992
3023
2992
3055
3003
3000
2978
3015
3014
3002
3001
3014
3044
3002
3002
3014
3014
2977
3012
2964
3012
2991
3044
2999
2991
2989
3011
3002
3014
3004
3015
3024
3021
3015
3013
3003
2963
3015
3006
3011
2963
3053
3003
3004
3002
3015
3014
2976
3000
3008
3011
3043
3000
3002
3005
3010
2991
3002
3002
3013
2980
3002
3012
2976
3004
3014
3002
3002
3015
3002
3043
3011
3005
3002
3015
2980
3010
3015
3015
3012
3033
3014
3014
2965
3000
3013
2966
3015
3013
3045
3013
2978
3015
3013
3005
3023
2992
2989
2989
3043
2989
2989
3015
3001
3014
2993
2998
3002
3036
3020
3002
3004
2999
3005
3014
3015
3002
3013
3030
3004
3002
3002
3014
3014
3001
2991
2986
2991
3044
3002
3002
2989
3011
2991
3015
3006
3008
2992
3055
2977
3015
3002
3002
3014
3002
2963
3013
3045
3002
3001
2963
2989
2976
2988
3013
3004
3055
3001
3005
3005
3011
3015
3012
3003
3015
3003
3055
3000
3002
3015
2991
3003
3011
3002
2991
3002
3030
3015
3002
3014
3014
2990
3001
3002
3002
2990
3055
3006
3011
3015
3002
3001
3014
3014
3002
3004
3043
2974
3004
3015
3013
3003
2986
3003
2989
3045
2987
3004
3015
3013
2991
3014
2989
3002
3002
3027
3001
3002
2969
3008
3004
3003
2949
3002
3030
3000
3014
3005
3015
3001
3014
3014
3004
3015
3040
3015
3002
3004
2993
2981
3004
2976
3002
3043
2989
2998
3003
3004
3014
2999
3015
3004
2993
3036
3004
3012
3004
2999
3003
2989
3005
3011
3015
3043
3000
3004
3002
3014
3002
3005
3011
3015
3013
3045
3006
3011
3015
3013
3014
3002
3002
3002
3018
2977
3005
3011
3002
2999
2993
3013
3000
2991
3043
3015
3013
2989
3015
3004
3014
3015
3001
3015
3043
2975
3002
3002
3015
3014
3013
3002
2991
3006
3042
3011
3015
3002
3006
3009
3014
2992
3014
3002
3053
3003
3004
3015
3012
3015
3002
2995
3011
3012
3032
2987
3004
2976
2975
3014
3014
3004
3002
3047
3011
3015
2989
3015
3013
2987
3005
3001
3015
3043
3002
3000
3002
2995
3009
2990
3002
3002
3043
2999
3003
3014
2989
3003
2987
3003
3003
3014
3047
3008
2992
3015
3015
3013
2975
2991
3013
3004
3054
3004
3015
3013
3008
3009
3002
2963
3002
3030
3006
3011
3002
2999
2981
3021
2991
3015
2987
3019
2988
3000
3014
3004
3014
3015
3013
3003
3013
3029
2991
3003
3015
2975
2976
3001
3003
3002
3043
2924
2991
3002
3002
3014
2988
3015
3002
3044
3005
3011
2987
3004
3014
2976
2999
3002
2992
3055
2989
3013
3003
3003
3012
3002
3004
3015
3024
3022
3014
3002
2989
3015
3001
3002
3014
3015
3030
3001
3014
3003
2975
2988
3014
3015
3013
3014
3033
3014
3001
3002
3008
3010
2962
2977
3002
3043
3000
3002
3014
2992
3015
3001
3002
3002
3012
3019
3003
3001
3002
3012
2991
3012
3015
3004
3015
3043
3002
3015
3013
3005
3013
3015
2987
3001
2978
3033
3008
2979
2976
3015
3014
3014
2987
3005
3053
3002
3001
1295
675
678
675
824
833
834
833
833
834
833
833
834
833
833
834
833
833
834
833
833
834
833
833
834
833
833
834
833
833
834
833
833
834
833
833
834
833
833
834
833
833
834
833
833
834
833
833
834
833
833
834
833
833
834
833
833
834
833
833
834
833
833
834
833
833
834
833
833
834
833
833
834
833
833
834
833
833
834
833
833
834
833
833
834
833
833
834
833
833
834
833
