18300
18232
18340
18184
18340
18334
18304
18308
18424
18336
18186
18308
18302
18298
18298
18266
18302
18334
18308
18310
18340
18264
18340
18184
18340
18336
18332
18354
18303
18339
18308
18260
18257
18305
18220
18308
18458
18230
18302
18337
18186
18303
18302
18264
18340
18336
18422
18268
18262
18302
18340
18338
18302
18302
18336
18392
18340
18154
18230
18294
18340
18308
18340
18336
18310
18422
18302
18302
18334
18304
18266
18300
18340
18302
18302
18420
18302
18308
18260
18264
18332
18308
18294
18304
18346
18310
18260
18302
18337
18303
18264
18338
18332
18308
18348
18304
18300
18340
18340
18300
18233
18326
18267
18426
18296
18230
18338
18257
18231
18294
18300
18302
18430
18302
18340
18306
18338
18260
18294
18313
18333
18340
18426
18340
18256
18302
18308
18340
18338
18337
18339
18186
18390
18340
18271
18295
18340
18260
18302
18298
18303
18233
18340
18336
18310
18338
18302
18338
18302
18300
18340
18426
18296
18272
18338
18302
18338
18302
18224
18264
18292
18358
18302
18302
18340
18336
18301
18339
18192
18298
18426
18302
18300
18302
18340
18286
18316
18302
18262
18311
18417
18264
18340
18340
18306
18360
18278
18340
18266
18338
18420
18308
18340
18302
18264
18338
18340
18264
18340
18348
18300
18302
13078
11350
11352
11350
11658
11666
11666
11668
11666
11666
11668
11666
11666
11668
11666
11666
11668
11666
11666
11668
11666
11666
11668
11666
11666
11668
11666
11666
11668
11666
11666
11668
11666
11666
11668
11666
11666
11668
11666
11666
11668
11666
11666
11668
11666
11666
11668
11666
11666
11668
11666
11666
11668
11666
11666
11668
11666
11666
11668
11666
11666
11668
11666
11666
11668
11666
11666
11668
11666
11666
11668
11666
11666
11668
11666
11666
11668
11666
11666
11668
11666
11666
11668
11666
11666
11668
11666
11666
11668
11666
11666
11668
11666
11666
11668
11666
11666
11668
11666
11666
11668
11666
11666
11668
11666
11666
11668
11666
11666
11668
11666
11666
11668
11666
11666
11668
11666
11666
11668
11666
11666
11668
11666
11666
11668
11666
11666
11668
11666
11666
11668
12072
14190
14188
14190
18324
18308
18340
18302
18302
18178
18308
18302
18340
18426
18340
18223
18221
18308
18314
18248
18220
18230
18455
18270
18337
18308
18340
18300
18340
18336
18308
18302
18384
18340
18302
18336
18340
18266
18258
18300
18340
18270
18424
18184
18305
18186
18335
18340
18340
18226
18302
18458
18299
18270
18303
18307
18329
18340
18270
18352
18288
18458
18308
18296
18230
18340
18337
18303
18300
18336
18430
18302
18300
18340
18336
18230
18332
18188
18318
18282
18430
18294
18268
18264
18314
18318
18338
18308
18340
18366
18362
18340
18336
18302
18188
18340
18307
18337
18186
18440
18317
18311
18302
18340
18337
18227
18296
18311
18337
18426
18293
18305
18308
18314
18284
18302
18302
18336
18236
18302
18318
18237
18311
18338
18302
18302
18340
18302
18426
18314
18326
18302
18340
18229
18335
18340
18340
18318
18410
18336
18340
18192
18296
18320
18210
18340
18336
18430
18336
18230
18340
18336
18308
18352
18288
18261
18265
18426
18262
18264
18340
18300
18338
18267
18299
18302
18400
18360
18302
18308
18278
18326
18338
18340
18302
18336
18383
18311
18302
18302
18336
18340
18300
18268
18240
18282
18430
18302
18302
18264
18314
18284
18340
18307
18313
18288
18458
18230
18340
18302
18302
18337
18303
18186
18336
18430
18302
18298
18188
18264
18222
18262
18336
18308
18458
18302
18308
18305
18337
18339
18335
18304
18339
18305
18462
18298
18302
18337
18273
18302
18332
18299
18270
18303
18388
18340
18302
18336
18340
18266
18300
18302
18302
18264
18462
18307
18337
18339
18303
18300
18336
18340
18302
18308
18424
18220
18308
18340
18336
18304
18240
18317
18267
18430
18258
18308
18340
18333
18270
18339
18264
18302
18302
18375
18303
18302
18195
18313
18324
18302
18146
18302
18386
18298
18322
18326
18340
18300
18336
18340
18308
18340
18418
18337
18305
18308
18267
18233
18321
18227
18302
18424
18264
18276
18317
18311
18338
18278
18356
18308
18267
18413
18308
18332
18308
18294
18304
18264
18303
18337
18339
18427
18296
18308
18302
18336
18304
18303
18337
18339
18337
18430
18307
18337
18340
18336
18338
18299
18305
18302
18350
18226
18305
18337
18302
18294
18272
18338
18293
18270
18427
18340
18336
18264
18337
18309
18340
18340
18300
18340
18426
18222
18302
18302
18340
18338
18333
18305
18268
18307
18422
18337
18339
18303
18307
18329
18340
18270
18340
18302
18440
18317
18311
18340
18318
18356
18302
18273
18337
18330
18394
18258
18308
18224
18222
18336
18340
18308
18302
18429
18337
18339
18265
18340
18334
18260
18308
18302
18340
18426
18302
18296
18302
18273
18329
18268
18302
18302
18426
18294
18302
18340
18264
18304
18256
18308
18302
18340
18429
18313
18288
18340
18340
18334
18221
18271
18336
18308
18458
18308
18340
18336
18311
18329
18304
18186
18302
18386
18307
18337
18302
18294
18231
18364
18273
18340
18258
18352
18262
18294
18340
18308
18338
18339
18337
18304
18333
18371
18282
18308
18340
18222
18224
18298
18305
18303
18426
18070
18268
18301
18303
18338
18262
18340
18302
18426
18305
18337
18255
18311
18338
18224
18291
18305
18270
18462
18264
18336
18302
18308
18332
18302
18308
18340
18366
18362
18340
18302
18264
18340
18300
18302
18338
18340
18386
18300
18336
18305
18223
18262
18338
18340
18336
18322
18410
18336
18302
18302
18311
18335
18180
18230
18302
18423
18299
18302
18322
18288
18340
18300
18302
18302
18332
18354
18302
18302
18302
18332
18268
18334
18337
18311
18340
18426
18302
18340
18336
18308
18338
18340
18258
18300
18230
18387
18313
18248
18226
18340
18338
18336
18260
18308
18458
18302
18284
13216
11350
11353
11353
11648
11666
11668
11666
11666
11668
11666
11666
11668
11666
11666
11668
11666
11666
11668
11666
11666
11668
11666
11666
11668
11666
11666
11668
11666
11666
11668
11666
11666
11668
11666
11666
11668
11666
11666
11668
11666
11666
11668
11666
11666
11668
11666
11666
11668
11666
11666
11668
11666
11666
11668
11666
11666
11668
11666
11666
11668
11666
11666
11668
11666
11666
11668
11666
11666
11668
11666
11666
11668
11666
11666
11668
11666
11666
11668
11666
11666
11668
11666
11666
11668
11666
11666
11668
11666
11666
11668
11666
