1.83
1.8232
1.834
1.8184
1.834
1.8334
1.8304
1.8308
1.8424
1.8336
1.8186
1.8308
1.8302
1.8298
1.8298
1.8266
1.8302
1.8334
1.8308
1.831
1.834
1.8264
1.834
1.8184
1.834
1.8336
1.8332
1.8354
1.8303
1.8339
1.8308
1.826
1.8257
1.8305
1.822
1.8308
1.8458
1.823
1.8302
1.8337
1.8186
1.8303
1.8302
1.8264
1.834
1.8336
1.8422
1.8268
1.8262
1.8302
1.834
1.8338
1.8302
1.8302
1.8336
1.8392
1.834
1.8154
1.823
1.8294
1.834
1.8308
1.834
1.8336
1.831
1.8422
1.8302
1.8302
1.8334
1.8304
1.8266
1.83
1.834
1.8302
1.8302
1.842
1.8302
1.8308
1.826
1.8264
1.8332
1.8308
1.8294
1.8304
1.8346
1.831
1.826
1.8302
1.8337
1.8303
1.8264
1.8338
1.8332
1.8308
1.8348
1.8304
1.83
1.834
1.834
1.83
1.8233
1.8326
1.8267
1.8426
1.8296
1.823
1.8338
1.8257
1.8231
1.8294
1.83
1.8302
1.843
1.8302
1.834
1.8306
1.8338
1.826
1.8294
1.8313
1.8333
1.834
1.8426
1.834
1.8256
1.8302
1.8308
1.834
1.8338
1.8337
1.8339
1.8186
1.839
1.834
1.8271
1.8295
1.834
1.826
1.8302
1.8298
1.8303
1.8233
1.834
1.8336
1.831
1.8338
1.8302
1.8338
1.8302
1.83
1.834
1.8426
1.8296
1.8272
1.8338
1.8302
1.8338
1.8302
1.8224
1.8264
1.8292
1.8358
1.8302
1.8302
1.834
1.8336
1.8301
1.8339
1.8192
1.8298
1.8426
1.8302
1.83
1.8302
1.834
1.8286
1.8316
1.8302
1.8262
1.8311
1.8417
1.8264
1.834
1.834
1.8306
1.836
1.8278
1.834
1.8266
1.8338
1.842
1.8308
1.834
1.8302
1.8264
1.8338
1.834
1.8264
1.834
1.8348
1.83
1.8302
1.3078
1.135
1.1352
1.135
1.1658
1.1666
1.1666
1.1668
1.1666
1.1666
1.1668
1.1666
1.1666
1.1668
1.1666
1.1666
1.1668
1.1666
1.1666
1.1668
1.1666
1.1666
1.1668
1.1666
1.1666
1.1668
1.1666
1.1666
1.1668
1.1666
1.1666
1.1668
1.1666
1.1666
1.1668
1.1666
1.1666
1.1668
1.1666
1.1666
1.1668
1.1666
1.1666
1.1668
1.1666
1.1666
1.1668
1.1666
1.1666
1.1668
1.1666
1.1666
1.1668
1.1666
1.1666
1.1668
1.1666
1.1666
1.1668
1.1666
1.1666
1.1668
1.1666
1.1666
1.1668
1.1666
1.1666
1.1668
1.1666
1.1666
1.1668
1.1666
1.1666
1.1668
1.1666
1.1666
1.1668
1.1666
1.1666
1.1668
1.1666
1.1666
1.1668
1.1666
1.1666
1.1668
1.1666
1.1666
1.1668
1.1666
1.1666
1.1668
1.1666
1.1666
1.1668
1.1666
1.1666
1.1668
1.1666
1.1666
1.1668
1.1666
1.1666
1.1668
1.1666
1.1666
1.1668
1.1666
1.1666
1.1668
1.1666
1.1666
1.1668
1.1666
1.1666
1.1668
1.1666
1.1666
1.1668
1.1666
1.1666
1.1668
1.1666
1.1666
1.1668
1.1666
1.1666
1.1668
1.1666
1.1666
1.1668
1.2072
1.419
1.4188
1.419
1.8324
1.8308
1.834
1.8302
1.8302
1.8178
1.8308
1.8302
1.834
1.8426
1.834
1.8223
1.8221
1.8308
1.8314
1.8248
1.822
1.823
1.8455
1.827
1.8337
1.8308
1.834
1.83
1.834
1.8336
1.8308
1.8302
1.8384
1.834
1.8302
1.8336
1.834
1.8266
1.8258
1.83
1.834
1.827
1.8424
1.8184
1.8305
1.8186
1.8335
1.834
1.834
1.8226
1.8302
1.8458
1.8299
1.827
1.8303
1.8307
1.8329
1.834
1.827
1.8352
1.8288
1.8458
1.8308
1.8296
1.823
1.834
1.8337
1.8303
1.83
1.8336
1.843
1.8302
1.83
1.834
1.8336
1.823
1.8332
1.8188
1.8318
1.8282
1.843
1.8294
1.8268
1.8264
1.8314
1.8318
1.8338
1.8308
1.834
1.8366
1.8362
1.834
1.8336
1.8302
1.8188
1.834
1.8307
1.8337
1.8186
1.844
1.8317
1.8311
1.8302
1.834
1.8337
1.8227
1.8296
1.8311
1.8337
1.8426
1.8293
1.8305
1.8308
1.8314
1.8284
1.8302
1.8302
1.8336
1.8236
1.8302
1.8318
1.8237
1.8311
1.8338
1.8302
1.8302
1.834
1.8302
1.8426
1.8314
1.8326
1.8302
1.834
1.8229
1.8335
1.834
1.834
1.8318
1.841
1.8336
1.834
1.8192
1.8296
1.832
1.821
1.834
1.8336
1.843
1.8336
1.823
1.834
1.8336
1.8308
1.8352
1.8288
1.8261
1.8265
1.8426
1.8262
1.8264
1.834
1.83
1.8338
1.8267
1.8299
1.8302
1.84
1.836
1.8302
1.8308
1.8278
1.8326
1.8338
1.834
1.8302
1.8336
1.8383
1.8311
1.8302
1.8302
1.8336
1.834
1.83
1.8268
1.824
1.8282
1.843
1.8302
1.8302
1.8264
1.8314
1.8284
1.834
1.8307
1.8313
1.8288
1.8458
1.823
1.834
1.8302
1.8302
1.8337
1.8303
1.8186
1.8336
1.843
1.8302
1.8298
1.8188
1.8264
1.8222
1.8262
1.8336
1.8308
1.8458
1.8302
1.8308
1.8305
1.8337
1.8339
1.8335
1.8304
1.8339
1.8305
1.8462
1.8298
1.8302
1.8337
1.8273
1.8302
1.8332
1.8299
1.827
1.8303
1.8388
1.834
1.8302
1.8336
1.834
1.8266
1.83
1.8302
1.8302
1.8264
1.8462
1.8307
1.8337
1.8339
1.8303
1.83
1.8336
1.834
1.8302
1.8308
1.8424
1.822
1.8308
1.834
1.8336
1.8304
1.824
1.8317
1.8267
1.843
1.8258
1.8308
1.834
1.8333
1.827
1.8339
1.8264
1.8302
1.8302
1.8375
1.8303
1.8302
1.8195
1.8313
1.8324
1.8302
1.8146
1.8302
1.8386
1.8298
1.8322
1.8326
1.834
1.83
1.8336
1.834
1.8308
1.834
1.8418
1.8337
1.8305
1.8308
1.8267
1.8233
1.8321
1.8227
1.8302
1.8424
1.8264
1.8276
1.8317
1.8311
1.8338
1.8278
1.8356
1.8308
1.8267
1.8413
1.8308
1.8332
1.8308
1.8294
1.8304
1.8264
1.8303
1.8337
1.8339
1.8427
1.8296
1.8308
1.8302
1.8336
1.8304
1.8303
1.8337
1.8339
1.8337
1.843
1.8307
1.8337
1.834
1.8336
1.8338
1.8299
1.8305
1.8302
1.835
1.8226
1.8305
1.8337
1.8302
1.8294
1.8272
1.8338
1.8293
1.827
1.8427
1.834
1.8336
1.8264
1.8337
1.8309
1.834
1.834
1.83
1.834
1.8426
1.8222
1.8302
1.8302
1.834
1.8338
1.8333
1.8305
1.8268
1.8307
1.8422
1.8337
1.8339
1.8303
1.8307
1.8329
1.834
1.827
1.834
1.8302
1.844
1.8317
1.8311
1.834
1.8318
1.8356
1.8302
1.8273
1.8337
1.833
1.8394
1.8258
1.8308
1.8224
1.8222
1.8336
1.834
1.8308
1.8302
1.8429
1.8337
1.8339
1.8265
1.834
1.8334
1.826
1.8308
1.8302
1.834
1.8426
1.8302
1.8296
1.8302
1.8273
1.8329
1.8268
1.8302
1.8302
1.8426
1.8294
1.8302
1.834
1.8264
1.8304
1.8256
1.8308
1.8302
1.834
1.8429
1.8313
1.8288
1.834
1.834
1.8334
1.8221
1.8271
1.8336
1.8308
1.8458
1.8308
1.834
1.8336
1.8311
1.8329
1.8304
1.8186
1.8302
1.8386
1.8307
1.8337
1.8302
1.8294
1.8231
1.8364
1.8273
1.834
1.8258
1.8352
1.8262
1.8294
1.834
1.8308
1.8338
1.8339
1.8337
1.8304
1.8333
1.8371
1.8282
1.8308
1.834
1.8222
1.8224
1.8298
1.8305
1.8303
1.8426
1.807
1.8268
1.8301
1.8303
1.8338
1.8262
1.834
1.8302
1.8426
1.8305
1.8337
1.8255
1.8311
1.8338
1.8224
1.8291
1.8305
1.827
1.8462
1.8264
1.8336
1.8302
1.8308
1.8332
1.8302
1.8308
1.834
1.8366
1.8362
1.834
1.8302
1.8264
1.834
1.83
1.8302
1.8338
1.834
1.8386
1.83
1.8336
1.8305
1.8223
1.8262
1.8338
1.834
1.8336
1.8322
1.841
1.8336
1.8302
1.8302
1.8311
1.8335
1.818
1.823
1.8302
1.8423
1.8299
1.8302
1.8322
1.8288
1.834
1.83
1.8302
1.8302
1.8332
1.8354
1.8302
1.8302
1.8302
1.8332
1.8268
1.8334
1.8337
1.8311
1.834
1.8426
1.8302
1.834
1.8336
1.8308
1.8338
1.834
1.8258
1.83
1.823
1.8387
1.8313
1.8248
1.8226
1.834
1.8338
1.8336
1.826
1.8308
1.8458
1.8302
1.8284
1.3216
1.135
1.1353
1.1353
1.1648
1.1666
1.1668
1.1666
1.1666
1.1668
1.1666
1.1666
1.1668
1.1666
1.1666
1.1668
1.1666
1.1666
1.1668
1.1666
1.1666
1.1668
1.1666
1.1666
1.1668
1.1666
1.1666
1.1668
1.1666
1.1666
1.1668
1.1666
1.1666
1.1668
1.1666
1.1666
1.1668
1.1666
1.1666
1.1668
1.1666
1.1666
1.1668
1.1666
1.1666
1.1668
1.1666
1.1666
1.1668
1.1666
1.1666
1.1668
1.1666
1.1666
1.1668
1.1666
1.1666
1.1668
1.1666
1.1666
1.1668
1.1666
1.1666
1.1668
1.1666
1.1666
1.1668
1.1666
1.1666
1.1668
1.1666
1.1666
1.1668
1.1666
1.1666
1.1668
1.1666
1.1666
1.1668
1.1666
1.1666
1.1668
1.1666
1.1666
1.1668
1.1666
1.1666
1.1668
1.1666
1.1666
1.1668
1.1666
