2998
2982
3015
2962
3015
3009
3004
3006
3043
3013
2963
3004
3002
3001
3000
2990
3002
3013
3000
3008
3015
2989
3015
2962
3015
3013
3007
3024
3002
3013
3006
2988
2986
3004
2972
3006
3054
2978
3002
3013
2963
3003
3002
2989
3015
3011
3042
2993
2988
3002
3015
3014
3002
3002
3011
3034
3015
2952
2978
2996
3018
3004
3015
3011
3006
3043
3002
3002
3009
3004
2992
3001
3015
3002
3002
3041
3002
3004
2988
2989
3012
3004
2996
3004
3015
3008
2988
3002
3013
3003
2989
3014
3010
3006
3017
3002
3002
3015
3015
3001
2976
3012
2991
3043
2998
2979
3015
2986
2979
2997
3003
3002
3045
3002
3015
3002
3015
2988
2997
3005
3015
3015
3043
3015
2986
3002
3004
3015
3014
3013
3013
2963
3033
3015
2989
3002
3015
2988
3002
3000
3002
2979
3015
3011
3006
3015
3002
3014
3002
3001
3015
3043
2998
2993
3015
3002
3014
3002
2976
2989
2999
3020
3002
3002
3015
3013
3001
3013
2967
3001
3043
3002
3001
3002
3015
2991
3012
3002
2989
3002
3043
2989
3015
3015
3002
3017
2999
3015
2989
3015
3041
3004
3015
3002
2989
3014
3015
2989
3015
3017
3001
3002
1254
675
676
675
829
833
833
834
833
833
834
833
833
834
833
833
834
833
833
834
833
833
834
833
833
834
833
833
834
833
833
834
833
833
834
833
833
834
833
833
834
833
833
834
833
833
834
833
833
834
833
833
834
833
833
834
833
833
834
833
833
834
833
833
834
833
833
834
833
833
834
833
833
834
833
833
834
833
833
834
833
833
834
833
833
834
833
833
834
833
833
834
833
833
834
833
833
834
833
833
834
833
833
834
833
833
834
833
833
834
833
833
834
833
833
834
833
833
834
833
833
834
833
833
834
833
833
834
833
833
834
984
1773
1772
1772
3009
3007
3015
3002
3002
2957
3007
3002
3015
3043
3015
2975
2972
3007
3002
2988
2974
2978
3048
2996
3013
3005
3015
3001
3015
3013
3004
3002
3029
3015
3002
3013
3012
2993
2987
3001
3012
2994
3043
2962
3002
2963
3014
3015
3015
2976
3002
3054
2996
2996
3003
3002
3012
3012
2994
3015
3001
3054
3004
2999
2979
3015
3013
3003
3001
3013
3045
3002
3001
3015
3013
2978
3011
2965
3003
2999
3045
2996
2994
2989
3002
3008
3017
3004
3015
3024
3021
3015
3013
3002
2964
3015
3002
3015
2963
3044
3006
3010
3002
3015
3013
2977
2999
3005
3015
3043
2994
3005
3007
3002
3000
3002
3002
3013
2980
3002
3003
2979
3010
3014
3002
3002
3015
3002
3043
3002
3014
3002
3015
2976
3014
3015
3015
3003
3042
3013
3012
2968
2999
3005
2975
3015
3012
3046
3013
2978
3015
3010
3007
3015
3001
2988
2990
3043
2989
2989
3015
3001
3014
2989
3002
3002
3036
3017
3004
3005
2990
3014
3014
3015
3002
3010
3027
3010
3002
3002
3013
3012
3004
2991
2977
2999
3045
3002
3002
2989
3002
3000
3015
3002
3003
3001
3054
2978
3015
3002
3002
3013
3003
2963
3013
3045
3002
3000
2964
2989
2975
2989
3013
3004
3054
2999
3007
3002
3015
3014
3013
3003
3014
3003
3056
3000
3002
3009
2997
3002
3012
2996
2996
3003
3030
3015
3002
3013
3012
2993
3001
3002
3002
2989
3056
3002
3015
3014
3003
3001
3013
3012
3004
3005
3043
2974
3004
3015
3012
3004
2977
3006
2992
3048
2984
3007
3015
3007
2996
3015
2989
3002
3002
3021
3006
3003
2965
3003
3013
3002
2950
3002
3030
3000
3005
3014
3015
3001
3013
3012
3007
3015
3040
3009
3005
3007
2989
2976
3012
2977
3002
3043
2989
2989
3006
3010
3014
2990
3021
3007
2989
3040
3004
3009
3007
2999
3003
2989
3001
3015
3014
3044
2997
3007
3002
3013
3003
3001
3015
3014
3014
3045
3002
3015
3015
3012
3015
2996
3005
3004
3019
2976
3002
3015
3002
2998
2993
3014
2994
2996
3044
3015
3013
2989
3009
3009
3015
3015
3001
3015
3043
2975
3002
3002
3015
3014
3007
3005
2994
3002
3042
3015
3014
3003
3002
3012
3012
2994
3015
3002
3044
3006
3010
3015
3003
3021
3004
2992
3015
3012
3032
2984
3007
2976
2975
3013
3012
3007
3002
3043
3015
3014
2990
3015
3012
2985
3007
3002
3015
3043
3002
2997
3004
2992
3012
2991
3002
3002
3043
2999
3002
3012
2991
3004
2986
3004
3002
3015
3043
3003
3001
3015
3015
3012
2970
2997
3012
3005
3054
3004
3015
3012
3005
3012
3003
2963
3002
3030
3002
3015
3002
2998
2978
3019
2997
3015
2987
3019
2988
2999
3012
3007
3014
3014
3013
3004
3007
3026
2999
3004
3015
2975
2976
3000
3003
3003
3043
2924
2991
3001
3003
3014
2988
3015
3002
3043
3002
3015
2981
3010
3014
2976
2993
3005
2994
3056
2989
3013
3002
3004
3012
3002
3004
3015
3024
3021
3015
3002
2989
3015
3001
3002
3014
3015
3030
3001
3013
3003
2976
2988
3014
3015
3013
3005
3042
3013
2999
3004
3005
3014
2961
2978
3002
3042
3000
3003
3005
3001
3015
3001
3002
3002
3011
3020
3002
3002
3002
3009
2994
3012
3009
3010
3015
3043
3002
3015
3010
3007
3014
3015
2984
3004
2978
3029
3003
2988
2976
3015
3014
3013
2985
3007
3053
3003
2992
1304
675
676
677
824
833
834
833
833
834
833
833
834
833
833
834
833
833
834
833
833
834
833
833
834
833
833
834
833
833
834
833
833
834
833
833
834
833
833
834
833
833
834
833
833
834
833
833
834
833
833
834
833
833
834
833
833
834
833
833
834
833
833
834
833
833
834
833
833
834
833
833
834
833
833
834
833
833
834
833
833
834
833
833
834
833
833
834
833
833
834
833
