21098
21015
21143
20959
21143
21137
21099
21105
21251
21137
20962
21105
21098
21095
21092
21056
21098
21137
21115
21105
21144
21053
21144
20958
21144
21137
21137
21164
21101
21141
21105
21049
21046
21102
21001
21105
21290
21014
21098
21140
20962
21099
21098
21053
21144
21137
21248
21059
21050
21098
21144
21140
21098
21099
21137
21212
21144
20923
21014
21091
21141
21105
21144
21137
21107
21249
21098
21098
21137
21099
21056
21095
21144
21098
21098
21245
21098
21105
21050
21052
21134
21105
21091
21099
21160
21105
21050
21098
21140
21099
21053
21140
21134
21105
21160
21101
21096
21144
21143
21095
21018
21126
21057
21251
21092
21013
21141
21046
21014
21089
21095
21098
21258
21099
21143
21101
21141
21050
21088
21112
21133
21144
21251
21144
21043
21098
21105
21144
21140
21140
21141
20962
21209
21144
21063
21088
21144
21049
21098
21092
21101
21025
21144
21137
21107
21141
21098
21141
21098
21095
21144
21251
21092
21062
21141
21098
21141
21098
21007
21053
21087
21172
21098
21099
21143
21137
21098
21141
20968
21095
21252
21098
21095
21098
21144
21082
21111
21098
21053
21109
21241
21053
21144
21143
21101
21170
21066
21144
21055
21141
21245
21105
21144
21098
21053
21140
21144
21053
21143
21161
21095
21098
14784
12702
12703
12701
13314
13333
13332
13335
13333
13332
13335
13333
13332
13335
13333
13332
13335
13333
13332
13335
13333
13332
13335
13333
13332
13335
13333
13332
13335
13333
13332
13335
13333
13332
13335
13333
13332
13335
13333
13332
13335
13333
13332
13335
13333
13332
13335
13333
13332
13335
13333
13332
13335
13333
13332
13335
13333
13332
13335
13333
13332
13335
13333
13332
13335
13333
13332
13335
13333
13332
13335
13333
13332
13335
13333
13332
13335
13333
13332
13335
13333
13332
13335
13333
13332
13335
13333
13332
13335
13333
13332
13335
13333
13332
13335
13333
13332
13335
13333
13332
13335
13333
13332
13335
13333
13332
13335
13333
13332
13335
13333
13332
13335
13333
13332
13335
13333
13332
13335
13333
13332
13335
13333
13332
13335
13333
13332
13335
13333
13332
13335
13783
16125
16121
16125
21130
21104
21144
21098
21099
20952
21104
21099
21143
21252
21144
21007
21001
21105
21115
21032
21001
21014
21289
21061
21137
21105
21143
21096
21143
21137
21105
21098
21203
21144
21098
21137
21144
21056
21046
21095
21144
21059
21252
20958
21103
20962
21136
21144
21143
21008
21098
21290
21097
21061
21098
21103
21129
21144
21059
21161
21078
21290
21105
21092
21014
21143
21141
21098
21095
21137
21258
21099
21094
21144
21137
21014
21134
20965
21119
21071
21258
21089
21059
21053
21115
21114
21140
21105
21144
21176
21173
21144
21137
21098
20966
21143
21103
21139
20962
21272
21115
21107
21098
21143
21141
21007
21092
21109
21139
21252
21090
21100
21104
21116
21075
21098
21098
21137
21031
21098
21119
21021
21106
21141
21098
21098
21144
21098
21252
21115
21123
21099
21143
21012
21136
21144
21143
21119
21231
21137
21144
20968
21092
21122
20987
21144
21137
21258
21137
21014
21143
21138
21104
21161
21078
21053
21053
21251
21053
21053
21143
21096
21140
21057
21094
21098
21222
21167
21098
21105
21073
21123
21141
21143
21098
21138
21204
21107
21098
21098
21137
21144
21095
21059
21028
21071
21258
21099
21098
21053
21115
21075
21143
21103
21114
21078
21290
21014
21144
21098
21098
21141
21098
20962
21137
21258
21098
21092
20965
21053
21004
21053
21137
21105
21290
21099
21104
21103
21139
21144
21134
21101
21144
21098
21297
21092
21098
21142
21061
21098
21134
21097
21061
21098
21206
21144
21098
21137
21144
21056
21095
21098
21098
21053
21297
21103
21139
21144
21098
21095
21137
21144
21098
21105
21251
21001
21105
21144
21137
21101
21028
21115
21055
21258
21046
21105
21143
21136
21061
21140
21053
21098
21099
21194
21097
21098
20973
21114
21120
21098
20917
21098
21206
21092
21125
21124
21143
21095
21137
21144
21105
21143
21242
21142
21100
21105
21057
21020
21120
21007
21099
21251
21053
21070
21115
21106
21141
21073
21159
21105
21057
21237
21105
21134
21105
21088
21102
21052
21100
21139
21144
21251
21092
21105
21098
21137
21102
21099
21139
21144
21138
21257
21103
21139
21144
21137
21140
21097
21100
21098
21164
21007
21103
21139
21099
21088
21062
21141
21090
21061
21252
21143
21137
21053
21142
21103
21144
21143
21096
21143
21252
21004
21098
21098
21144
21140
21136
21100
21059
21103
21248
21139
21144
21098
21103
21129
21144
21059
21144
21098
21272
21115
21107
21143
21119
21159
21098
21064
21139
21131
21216
21046
21105
21007
21004
21137
21144
21105
21098
21256
21139
21144
21053
21143
21134
21050
21104
21099
21143
21252
21098
21092
21098
21064
21129
21060
21098
21098
21251
21089
21098
21144
21053
21101
21043
21105
21098
21144
21256
21114
21078
21144
21143
21134
21006
21060
21138
21105
21290
21105
21144
21137
21109
21129
21102
20962
21098
21206
21103
21139
21099
21088
21015
21173
21061
21144
21046
21167
21050
21088
21144
21105
21140
21144
21137
21101
21136
21189
21071
21105
21144
21004
21007
21092
21105
21098
21252
20825
21059
21099
21098
21140
21050
21144
21098
21251
21103
21139
21045
21106
21141
21007
21087
21100
21059
21297
21053
21137
21098
21105
21134
21098
21105
21144
21176
21173
21144
21098
21053
21144
21095
21098
21140
21144
21206
21095
21137
21105
21004
21050
21140
21144
21137
21125
21231
21137
21099
21098
21109
21136
20955
21015
21098
21251
21092
21098
21125
21078
21144
21095
21098
21098
21134
21167
21098
21099
21098
21134
21059
21134
21142
21107
21143
21252
21098
21143
21138
21104
21141
21144
21046
21095
21014
21207
21114
21032
21008
21144
21140
21137
21050
21104
21291
21098
21080
14948
12701
12705
12705
13296
13333
13335
13332
13333
13335
13332
13333
13335
13332
13333
13335
13332
13333
13335
13332
13333
13335
13332
13333
13335
13332
13333
13335
13332
13333
13335
13332
13333
13335
13332
13333
13335
13332
13333
13335
13332
13333
13335
13332
13333
13335
13332
13333
13335
13332
13333
13335
13332
13333
13335
13332
13333
13335
13332
13333
13335
13332
13333
13335
13332
13333
13335
13332
13333
13335
13332
13333
13335
13332
13333
13335
13332
13333
13335
13332
13333
13335
13332
13333
13335
13332
13333
13335
13332
13333
13335
13332
