6150
6135
6155
6128
6157
6157
6148
6145
6173
6155
6130
6148
6150
6149
6149
6141
6150
6152
6156
6148
6153
6142
6158
6129
6155
6156
6158
6155
6150
6154
6147
6144
6144
6148
6136
6147
6177
6135
6151
6157
6130
6146
6149
6141
6158
6156
6169
6142
6140
6150
6157
6154
6150
6149
6156
6162
6156
6124
6136
6152
6153
6147
6158
6156
6150
6168
6148
6150
6157
6148
6140
6149
6157
6148
6149
6170
6149
6148
6144
6143
6154
6148
6152
6148
6158
6148
6140
6151
6157
6146
6140
6157
6157
6147
6159
6150
6145
6158
6156
6147
6143
6151
6141
6169
6150
6137
6154
6144
6136
6148
6148
6150
6166
6152
6156
6150
6151
6145
6149
6154
6148
6158
6168
6156
6142
6150
6148
6155
6153
6160
6154
6130
6163
6153
6150
6142
6157
6142
6148
6151
6150
6133
6158
6156
6150
6154
6150
6153
6149
6148
6157
6169
6150
6144
6151
6150
6156
6148
6137
6141
6145
6161
6150
6151
6155
6155
6151
6154
6130
6147
6169
6148
6151
6150
6153
6153
6146
6150
6142
6155
6166
6138
6158
6156
6150
6162
6140
6155
6145
6154
6169
6148
6157
6148
6140
6157
6157
6142
6155
6157
6147
6150
5283
5001
5001
5001
4993
5000
5000
5000
5000
5000
5000
5000
5000
5000
5000
5000
5000
5000
5000
5000
5000
5000
5000
5000
5000
5000
5000
5000
5000
5000
5000
5000
5000
5000
5000
5000
5000
5000
5000
5000
5000
5000
5000
5000
5000
5000
5000
5000
5000
5000
5000
5000
5000
5000
5000
5000
5000
5000
5000
5000
5000
5000
5000
5000
5000
5000
5000
5000
5000
5000
5000
5000
5000
5000
5000
5000
5000
5000
5000
5000
5000
5000
5000
5000
5000
5000
5000
5000
5000
5000
5000
5000
5000
5000
5000
5000
5000
5000
5000
5000
5000
5000
5000
5000
5000
5000
5000
5000
5000
5000
5000
5000
5000
5000
5000
5000
5000
5000
5000
5000
5000
5000
5000
5000
5000
5000
5000
5000
5000
5000
5000
5056
5320
5323
5324
6155
6149
6154
6150
6148
6131
6149
6146
6158
6167
6157
6138
6136
6147
6158
6135
6137
6134
6179
6142
6154
6147
6158
6148
6155
6156
6148
6150
6163
6154
6148
6159
6155
6140
6143
6151
6155
6143
6168
6131
6151
6130
6151
6156
6155
6134
6150
6178
6151
6142
6148
6152
6153
6155
6143
6162
6140
6178
6148
6149
6135
6156
6157
6148
6146
6159
6166
6151
6150
6152
6159
6134
6156
6129
6158
6142
6165
6153
6142
6141
6158
6148
6153
6148
6157
6157
6162
6154
6157
6150
6128
6156
6152
6150
6130
6180
6149
6147
6148
6156
6157
6135
6149
6152
6153
6167
6153
6148
6149
6156
6140
6149
6149
6156
6138
6148
6158
6136
6147
6152
6150
6150
6157
6148
6167
6160
6146
6150
6155
6140
6151
6156
6155
6158
6159
6159
6155
6129
6149
6157
6126
6157
6156
6169
6155
6135
6158
6156
6149
6162
6140
6145
6141
6170
6143
6141
6156
6149
6154
6147
6144
6150
6160
6167
6148
6147
6153
6146
6155
6156
6150
6156
6164
6147
6148
6148
6159
6155
6147
6145
6143
6142
6169
6148
6149
6140
6160
6140
6156
6152
6154
6140
6178
6134
6157
6148
6151
6155
6148
6130
6154
6170
6149
6151
6124
6147
6137
6141
6156
6148
6178
6149
6149
6151
6153
6156
6153
6150
6156
6149
6175
6148
6150
6157
6141
6150
6154
6151
6142
6148
6163
6154
6148
6159
6155
6141
6147
6150
6147
6147
6175
6152
6150
6159
6148
6146
6159
6155
6148
6147
6171
6136
6148
6157
6156
6148
6145
6149
6142
6168
6144
6147
6156
6158
6142
6153
6141
6152
6148
6165
6147
6148
6134
6154
6147
6150
6123
6148
6164
6148
6158
6147
6156
6146
6159
6155
6147
6156
6170
6157
6148
6147
6147
6141
6148
6135
6148
6171
6141
6152
6149
6147
6153
6153
6154
6147
6147
6165
6148
6158
6147
6150
6148
6143
6152
6150
6159
6167
6151
6147
6148
6159
6147
6152
6153
6156
6149
6175
6152
6150
6157
6156
6155
6151
6148
6148
6156
6138
6151
6150
6151
6149
6144
6152
6153
6142
6168
6156
6154
6144
6157
6148
6152
6158
6148
6155
6169
6135
6149
6150
6157
6154
6158
6148
6142
6152
6169
6153
6156
6148
6152
6153
6155
6143
6152
6147
6182
6149
6147
6155
6158
6154
6148
6146
6150
6151
6169
6144
6147
6137
6136
6157
6155
6147
6148
6175
6150
6159
6141
6155
6157
6142
6149
6145
6159
6167
6150
6151
6148
6146
6153
6141
6150
6148
6166
6153
6150
6155
6142
6148
6144
6148
6150
6152
6175
6154
6140
6156
6155
6157
6137
6144
6152
6147
6177
6148
6157
6156
6152
6153
6148
6130
6148
6164
6152
6150
6151
6149
6139
6160
6141
6154
6143
6158
6140
6152
6155
6147
6154
6159
6154
6148
6158
6163
6142
6148
6154
6135
6138
6151
6149
6148
6169
6110
6145
6150
6148
6154
6142
6156
6148
6172
6151
6153
6144
6147
6153
6138
6151
6148
6143
6175
6141
6157
6150
6148
6154
6150
6148
6156
6158
6162
6152
6152
6141
6156
6147
6149
6157
6155
6164
6148
6157
6149
6135
6140
6156
6156
6155
6158
6161
6157
6149
6148
6152
6151
6132
6135
6149
6171
6148
6148
6158
6140
6156
6146
6150
6150
6156
6157
6150
6145
6150
6158
6142
6155
6157
6147
6155
6169
6148
6158
6156
6149
6152
6157
6144
6147
6135
6168
6154
6135
6135
6156
6153
6159
6142
6149
6175
6148
6152
5301
5001
5001
4997
4995
4999
5001
5000
4999
5001
5000
4999
5001
5000
4999
5001
5000
4999
5001
5000
4999
5001
5000
4999
5001
5000
4999
5001
5000
4999
5001
5000
4999
5001
5000
4999
5001
5000
4999
5001
5000
4999
5001
5000
4999
5001
5000
4999
5001
5000
4999
5001
5000
4999
5001
5000
4999
5001
5000
4999
5001
5000
4999
5001
5000
4999
5001
5000
4999
5001
5000
4999
5001
5000
4999
5001
5000
4999
5001
5000
4999
5001
5000
4999
5001
5000
4999
5001
5000
4999
5001
5000
