9149
9118
9170
9094
9168
9165
9153
9159
9208
9168
9093
9156
9150
9148
9149
9135
9150
9169
9149
9157
9172
9133
9167
9093
9170
9167
9162
9180
9151
9170
9157
9128
9127
9153
9110
9157
9227
9117
9149
9167
9093
9154
9151
9134
9167
9167
9211
9135
9134
9150
9168
9170
9150
9151
9167
9198
9169
9078
9116
9143
9172
9157
9167
9167
9155
9212
9152
9150
9165
9153
9136
9150
9168
9152
9151
9209
9151
9156
9128
9132
9166
9156
9143
9153
9172
9157
9132
9149
9167
9154
9135
9167
9163
9157
9172
9151
9154
9167
9169
9152
9112
9165
9135
9214
9146
9115
9170
9127
9116
9147
9151
9150
9219
9148
9169
9153
9173
9127
9146
9154
9172
9167
9215
9169
9128
9150
9156
9170
9171
9164
9170
9093
9196
9172
9130
9153
9168
9130
9152
9147
9151
9121
9167
9167
9155
9170
9150
9171
9151
9151
9168
9214
9146
9136
9173
9150
9168
9152
9111
9134
9148
9177
9150
9149
9170
9168
9149
9170
9097
9150
9214
9152
9148
9150
9172
9137
9163
9150
9131
9152
9210
9137
9167
9169
9153
9177
9144
9170
9131
9170
9210
9156
9168
9152
9135
9167
9168
9133
9170
9174
9152
9150
6541
5674
5675
5674
5836
5833
5833
5834
5833
5833
5834
5833
5833
5834
5833
5833
5834
5833
5833
5834
5833
5833
5834
5833
5833
5834
5833
5833
5834
5833
5833
5834
5833
5833
5834
5833
5833
5834
5833
5833
5834
5833
5833
5834
5833
5833
5834
5833
5833
5834
5833
5833
5834
5833
5833
5834
5833
5833
5834
5833
5833
5834
5833
5833
5834
5833
5833
5834
5833
5833
5834
5833
5833
5834
5833
5833
5834
5833
5833
5834
5833
5833
5834
5833
5833
5834
5833
5833
5834
5833
5833
5834
5833
5833
5834
5833
5833
5834
5833
5833
5834
5833
5833
5834
5833
5833
5834
5833
5833
5834
5833
5833
5834
5833
5833
5834
5833
5833
5834
5833
5833
5834
5833
5833
5834
5833
5833
5834
5833
5833
5834
6032
7097
7093
7093
9158
9155
9171
9150
9152
9087
9155
9154
9167
9216
9168
9110
9110
9157
9151
9128
9109
9118
9223
9137
9169
9157
9167
9151
9170
9167
9156
9150
9192
9171
9152
9164
9170
9136
9128
9148
9170
9136
9213
9091
9151
9093
9171
9169
9170
9116
9150
9226
9147
9137
9152
9152
9165
9170
9136
9172
9150
9226
9156
9147
9117
9169
9167
9152
9153
9164
9219
9149
9149
9173
9164
9118
9164
9095
9154
9144
9220
9142
9135
9134
9151
9162
9171
9156
9168
9185
9179
9171
9166
9150
9096
9169
9152
9173
9093
9213
9160
9159
9152
9169
9167
9115
9147
9154
9170
9216
9141
9154
9155
9153
9147
9151
9151
9167
9118
9152
9154
9120
9159
9172
9150
9150
9168
9152
9216
9149
9169
9150
9170
9112
9171
9169
9170
9154
9212
9164
9170
9098
9147
9156
9112
9168
9167
9216
9168
9117
9167
9167
9155
9172
9150
9128
9134
9213
9130
9134
9169
9150
9170
9130
9154
9150
9204
9173
9152
9157
9132
9169
9169
9169
9150
9167
9190
9159
9152
9152
9164
9170
9152
9132
9117
9144
9216
9152
9151
9135
9149
9147
9169
9152
9154
9150
9226
9118
9168
9152
9149
9169
9152
9093
9169
9215
9151
9147
9100
9128
9110
9132
9167
9156
9226
9151
9155
9151
9170
9169
9169
9151
9169
9153
9231
9150
9150
9166
9140
9150
9166
9147
9137
9152
9195
9171
9152
9164
9170
9135
9152
9150
9153
9128
9231
9152
9173
9166
9152
9153
9164
9170
9152
9157
9210
9110
9156
9168
9167
9153
9115
9160
9135
9217
9127
9157
9169
9163
9137
9171
9134
9148
9152
9184
9154
9152
9095
9154
9167
9150
9073
9152
9192
9150
9156
9168
9169
9153
9164
9170
9157
9169
9208
9166
9154
9157
9130
9114
9164
9115
9152
9210
9134
9132
9160
9159
9171
9132
9181
9157
9130
9209
9156
9162
9157
9145
9153
9132
9149
9173
9166
9216
9145
9157
9152
9164
9154
9149
9170
9169
9174
9210
9152
9173
9168
9167
9169
9147
9154
9152
9176
9112
9151
9173
9149
9146
9136
9172
9141
9137
9215
9169
9169
9131
9166
9157
9173
9167
9151
9170
9214
9112
9151
9150
9168
9170
9163
9154
9135
9152
9211
9170
9169
9152
9152
9165
9170
9136
9173
9153
9211
9160
9159
9170
9154
9181
9152
9135
9173
9167
9193
9127
9157
9111
9111
9166
9170
9157
9152
9210
9173
9166
9134
9170
9165
9130
9155
9155
9166
9216
9150
9145
9152
9135
9165
9136
9150
9152
9217
9142
9150
9170
9133
9153
9126
9156
9150
9173
9210
9154
9150
9169
9170
9165
9109
9135
9171
9157
9227
9156
9168
9167
9154
9165
9153
9093
9152
9192
9152
9173
9149
9146
9114
9181
9140
9171
9128
9175
9134
9143
9170
9157
9170
9166
9169
9153
9163
9184
9144
9156
9171
9112
9110
9147
9153
9152
9214
9036
9132
9150
9152
9170
9132
9169
9152
9211
9151
9170
9125
9159
9171
9110
9142
9154
9136
9231
9134
9166
9150
9156
9166
9150
9156
9169
9184
9179
9173
9148
9134
9169
9152
9151
9167
9170
9192
9151
9166
9153
9112
9134
9168
9169
9168
9156
9210
9166
9151
9152
9154
9171
9087
9117
9151
9210
9150
9152
9156
9150
9169
9153
9150
9150
9164
9178
9150
9155
9150
9162
9135
9167
9166
9159
9170
9214
9152
9167
9167
9155
9172
9168
9127
9152
9117
9189
9154
9128
9115
9169
9171
9164
9130
9155
9229
9152
9137
6614
5674
5676
5679
5829
5834
5833
5833
5834
5833
5833
5834
5833
5833
5834
5833
5833
5834
5833
5833
5834
5833
5833
5834
5833
5833
5834
5833
5833
5834
5833
5833
5834
5833
5833
5834
5833
5833
5834
5833
5833
5834
5833
5833
5834
5833
5833
5834
5833
5833
5834
5833
5833
5834
5833
5833
5834
5833
5833
5834
5833
5833
5834
5833
5833
5834
5833
5833
5834
5833
5833
5834
5833
5833
5834
5833
5833
5834
5833
5833
5834
5833
5833
5834
5833
5833
5834
5833
5833
5834
5833
5833
