685
682
680
685
591
552
557
550
559
548
560
732
925
921
921
923
924
922
923
921
923
922
922
918
916
918
927
909
923
921
923
922
922
918
916
918
927
926
927
923
927
923
923
925
880
918
927
926
927
923
927
923
923
925
921
921
923
924
922
923
894
923
923
925
921
921
923
924
922
923
921
923
922
922
918
916
917
915
922
923
921
923
922
922
918
916
918
927
926
927
923
927
923
894
918
916
918
927
926
927
923
927
923
923
925
921
921
923
924
889
923
927
923
923
925
921
921
923
924
922
923
921
923
922
922
918
901
923
924
922
923
921
923
922
922
918
916
918
927
926
927
923
900
922
922
918
916
918
927
926
927
923
927
923
923
925
921
921
882
927
927
923
927
923
923
925
921
921
923
924
922
923
921
923
922
899
921
921
923
924
922
923
921
923
922
922
918
916
918
927
926
906
921
923
922
922
918
916
918
927
926
927
923
927
923
923
925
921
877
927
926
927
923
927
923
923
925
921
921
923
924
922
923
921
896
923
925
921
921
923
924
922
923
921
923
922
922
918
916
918
914
922
923
921
923
922
922
918
916
918
927
926
927
923
927
923
923
889
916
918
927
926
927
923
927
923
923
925
921
921
923
924
922
890
927
923
923
925
921
921
923
924
922
923
921
923
922
922
918
912
912
924
922
923
921
923
922
922
918
916
918
927
926
927
923
927
895
922
918
916
918
927
926
927
923
927
923
923
925
921
921
923
886
927
923
927
923
923
925
921
921
923
924
922
923
921
923
922
922
898
921
923
924
922
923
921
923
922
922
918
916
918
927
926
927
900
923
922
922
918
916
918
927
926
927
923
927
923
923
925
921
877
927
926
927
923
927
923
923
925
921
921
923
924
922
923
921
923
896
925
921
921
923
924
922
923
921
923
922
922
918
916
918
927
909
923
921
923
922
922
918
916
918
927
926
927
923
927
923
923
925
880
918
927
926
927
923
927
923
923
925
921
921
923
924
922
923
894
923
923
925
921
921
923
924
922
923
921
923
922
922
918
916
908
924
922
923
921
923
922
922
918
916
918
927
926
927
923
927
923
894
918
916
918
927
926
927
923
927
923
923
925
921
921
923
924
889
923
927
923
923
925
921
921
923
924
922
923
921
923
922
922
908
911
923
924
922
923
921
923
922
922
918
916
918
927
926
927
923
900
922
922
918
916
918
927
926
927
923
927
923
923
925
921
921
883
926
927
923
927
923
923
925
921
921
923
924
922
923
921
923
922
899
921
921
923
924
922
923
921
923
922
922
918
916
918
927
926
906
921
923
922
922
918
916
918
927
926
927
923
927
923
923
925
880
918
927
926
927
923
927
923
923
925
921
921
923
924
922
923
921
896
923
925
921
921
923
924
922
923
921
923
922
922
918
916
918
914
922
923
921
923
922
922
918
916
918
927
926
927
923
927
923
923
889
916
918
927
926
927
923
927
923
923
925
921
921
923
924
922
890
927
923
923
925
921
921
923
924
922
923
921
923
922
922
918
901
923
924
922
923
921
923
922
922
918
916
918
927
926
927
923
927
895
922
918
916
918
927
926
927
923
927
923
923
925
921
921
923
886
927
923
927
923
923
925
921
921
923
924
922
923
921
923
922
903
917
921
923
924
922
923
921
923
922
922
918
916
918
927
926
927
900
923
922
922
918
916
918
927
926
927
923
927
923
923
925
921
877
927
926
927
923
927
923
923
925
921
921
923
924
922
923
921
923
896
925
921
921
923
924
922
923
921
923
922
922
918
916
918
927
909
923
921
923
922
922
918
916
918
927
926
927
923
927
923
923
889
916
918
927
926
927
923
927
923
923
925
921
921
923
924
922
923
894
923
923
925
921
921
923
924
922
923
921
923
922
922
918
916
908
924
922
923
921
923
922
922
918
916
918
927
926
927
923
927
923
894
918
916
918
927
926
927
923
927
923
923
925
921
921
923
924
889
923
927
923
923
925
921
921
923
924
922
923
921
923
922
922
898
921
923
924
922
923
921
923
922
922
918
916
918
927
926
927
923
900
922
922
918
916
918
927
926
927
923
927
923
923
925
921
921
883
926
927
923
927
923
923
925
921
921
923
924
922
923
921
923
898
923
921
921
923
924
922
923
921
923
922
922
918
916
918
927
926
906
921
923
922
922
918
916
918
927
926
927
923
927
923
923
925
880
918
927
926
927
923
927
923
923
925
921
921
923
924
922
923
921
896
923
925
921
921
923
924
922
923
921
923
922
922
918
916
918
914
922
923
921
923
922
922
918
916
918
927
926
927
923
927
923
894
918
916
918
927
926
927
923
927
923
923
925
921
921
923
924
922
890
927
923
923
925
921
921
923
924
922
923
921
923
922
922
918
901
923
924
922
923
921
923
922
922
918
916
918
927
926
927
923
927
895
922
918
916
918
927
926
927
923
927
923
923
925
921
921
923
407
0
0
0
0
0
0
0
0
0
0
0
0
0
0
0
0
0
0
0
0
0
0
0
0
0
0
0
0
0
0
0
0
0
0
0
0
0
0
0
0
0
0
0
0
0
0
0
0
0
0
0
0
0
0
0
0
0
0
0
0
0
0
0
0
0
0
0
0
0
0
0
0
0
0
0
0
0
0
0
0
0
0
0
0
0
0
0
0
0
0
0
0
0
0
0
0
0
0
0
0
0
0
0
0
0
0
0
0
0
0
0
0
0
0
0
0
0
0
0
0
0
0
0
0
0
0
0
0
0
0
0
0
0
0
0
0
0
0
0
0
0
0
0
0
0
0
0
0
0
0
0
0
0
0
0
0
0
0
0
0
0
0
0
0
0
0
0
0
0
0
0
0
0
0
0
0
0
0
0
0
0
0
0
0
0
0
0
0
0
0
0
0
0
0
0
0
0
0
0
0
0
0
0
0
0
0
0
0
0
0
0
0
0
0
0
0
0
0
0
0
0
0
0
0
0
0
0
0
0
0
0
0
0
0
0
0
0
0
0
0
0
0
0
0
0
0
0
0
0
0
0
0
0
0
0
0
0
0
0
0
0
0
0
0
0
0
0
0
0
0
0
0
0
0
0
0
0
0
0
0
0
0
0
0
0
0
0
0
0
0
0
0
0
0
0
0
0
0
0
0
0
0
0
0
0
0
0
0
0
0
0
0
0
0
0
0
0
0
0
0
0
0
0
0
0
0
0
0
0
0
0
0
0
0
0
0
0
0
0
0
0
0
0
0
0
0
0
0
0
0
0
0
0
0
0
0
0
0
0
0
0
0
0
0
0
0
0
0
0
0
0
0
0
0
0
0
0
0
0
0
0
0
0
0
0
0
0
0
0
0
0
0
0
0
0
0
0
0
0
0
0
0
0
0
0
0
0
0
0
0
0
0
0
0
0
0
0
0
0
0
0
0
0
0
0
0
0
0
0
0
0
0
0
0
0
0
0
0
0
0
0
0
0
0
0
0
0
0
0
0
0
0
0
0
0
0
0
0
0
0
0
0
0
0
0
0
0
0
0
0
0
0
0
0
0
0
0
0
0
0
0
0
0
0
0
0
0
0
0
0
0
0
0
0
0
0
0
0
0
0
0
0
0
0
0
0
0
0
0
0
0
0
0
0
0
0
0
0
0
0
0
0
0
0
0
0
0
0
0
0
0
0
0
0
0
0
0
0
0
0
0
0
0
0
0
0
0
0
0
0
0
0
0
0
0
0
0
0
0
0
0
0
0
0
0
0
0
0
0
0
0
0
0
0
0
0
0
0
0
0
0
0
0
0
0
0
0
0
0
0
0
0
0
0
0
0
0
0
0
0
0
0
0
0
0
0
0
0
0
0
0
0
0
0
0
0
0
0
0
0
0
0
0
0
0
0
0
0
0
0
0
0
0
0
0
0
0
0
0
0
0
0
0
0
0
0
0
0
0
0
0
0
0
0
0
0
0
0
0
0
0
0
0
0
0
0
0
0
0
0
0
0
0
0
0
0
0
0
0
0
0
0
0
0
0
0
0
0
0
0
0
0
0
0
0
0
0
0
0
0
0
0
0
0
0
0
0
0
0
0
0
0
0
0
0
0
0
0
0
0
0
0
0
0
0
0
0
0
0
0
0
0
0
0
0
0
0
0
0
0
0
0
0
0
0
0
0
0
0
0
0
0
0
0
0
0
0
0
0
0
0
0
0
0
0
0
0
0
0
0
0
0
0
0
0
0
0
0
0
0
0
0
0
0
0
0
0
0
0
0
0
0
0
0
0
0
0
0
0
0
0
0
0
0
0
0
0
0
0
0
0
0
0
0
0
0
0
0
0
0
0
0
0
0
0
0
0
0
0
0
0
0
0
0
0
0
0
0
0
0
0
0
0
0
0
0
0
0
0
0
0
0
0
0
0
0
0
0
0
0
0
0
0
0
0
0
0
0
0
0
0
0
0
0
0
0
0
0
0
0
0
0
0
0
0
0
0
0
0
0
0
0
0
0
0
0
0
0
0
0
0
0
0
0
0
0
0
0
0
0
0
0
0
0
0
0
0
0
0
0
0
0
0
0
0
0
0
0
0
0
0
0
0
0
0
0
0
0
0
0
0
0
0
0
0
0
0
0
0
0
0
0
0
0
0
0
0
0
0
0
0
0
0
0
0
0
0
0
0
0
0
0
0
0
0
0
0
0
0
0
0
0
0
0
0
0
0
0
0
0
0
0
0
0
0
0
0
0
0
0
0
0
0
0
0
0
0
0
0
0
0
0
0
0
0
0
0
0
0
0
0
0
0
