767
775
771
774
678
645
651
647
649
649
648
761
937
941
941
939
938
940
939
941
939
940
940
944
946
948
942
902
939
941
939
940
940
944
946
948
942
943
940
939
935
939
939
937
919
948
942
943
940
939
935
939
939
937
941
941
939
938
940
939
928
939
939
937
941
941
939
938
940
939
941
939
940
940
944
946
949
903
940
939
941
939
940
940
944
946
948
942
943
940
939
935
939
905
944
946
948
942
943
940
939
935
939
939
937
941
941
939
938
933
939
935
939
939
937
941
941
939
938
940
939
941
939
940
940
944
921
939
938
940
939
941
939
940
940
944
946
948
942
943
940
939
899
940
940
944
946
948
942
943
940
939
935
939
939
937
941
941
929
941
940
939
935
939
939
937
941
941
939
938
940
939
941
939
940
923
941
941
939
938
940
939
941
939
940
940
944
946
948
942
943
898
941
939
940
940
944
946
948
942
943
940
939
935
939
939
937
941
926
942
943
940
939
935
939
939
937
941
941
939
938
940
939
941
926
939
937
941
941
939
938
940
939
941
939
940
940
944
946
948
904
940
939
941
939
940
940
944
946
948
942
943
940
939
935
939
939
910
946
948
942
943
940
939
935
939
939
937
941
941
939
938
940
932
935
939
939
937
941
941
939
938
940
939
941
939
940
940
944
949
911
938
940
939
941
939
940
940
944
946
948
942
943
940
939
935
904
940
944
946
948
942
943
940
939
935
939
939
937
941
941
939
931
940
939
935
939
939
937
941
941
939
938
940
939
941
939
940
940
924
941
939
938
940
939
941
939
940
940
944
946
948
942
943
940
899
939
940
940
944
946
948
942
943
940
939
935
939
939
937
941
926
942
943
940
939
935
939
939
937
941
941
939
938
940
939
941
939
926
937
941
941
939
938
940
939
941
939
940
940
944
946
948
942
902
939
941
939
940
940
944
946
948
942
943
940
939
935
939
939
937
919
948
942
943
940
939
935
939
939
937
941
941
939
938
940
939
928
939
939
937
941
941
939
938
940
939
941
939
940
940
944
946
914
938
940
939
941
939
940
940
944
946
948
942
943
940
939
935
939
905
944
946
948
942
943
940
939
935
939
939
937
941
941
939
938
933
939
935
939
939
937
941
941
939
938
940
939
941
939
940
940
953
912
939
938
940
939
941
939
940
940
944
946
948
942
943
940
939
899
940
940
944
946
948
942
943
940
939
935
939
939
937
941
941
927
943
940
939
935
939
939
937
941
941
939
938
940
939
941
939
940
923
941
941
939
938
940
939
941
939
940
940
944
946
948
942
943
898
941
939
940
940
944
946
948
942
943
940
939
935
939
939
937
919
948
942
943
940
939
935
939
939
937
941
941
939
938
940
939
941
926
939
937
941
941
939
938
940
939
941
939
940
940
944
946
948
904
940
939
941
939
940
940
944
946
948
942
943
940
939
935
939
939
910
946
948
942
943
940
939
935
939
939
937
941
941
939
938
940
932
935
939
939
937
941
941
939
938
940
939
941
939
940
940
944
921
939
938
940
939
941
939
940
940
944
946
948
942
943
940
939
935
904
940
944
946
948
942
943
940
939
935
939
939
937
941
941
939
931
940
939
935
939
939
937
941
941
939
938
940
939
941
939
940
956
908
941
939
938
940
939
941
939
940
940
944
946
948
942
943
940
899
939
940
940
944
946
948
942
943
940
939
935
939
939
937
941
926
942
943
940
939
935
939
939
937
941
941
939
938
940
939
941
939
926
937
941
941
939
938
940
939
941
939
940
940
944
946
948
942
902
939
941
939
940
940
944
946
948
942
943
940
939
935
939
939
910
946
948
942
943
940
939
935
939
939
937
941
941
939
938
940
939
928
939
939
937
941
941
939
938
940
939
941
939
940
940
944
946
914
938
940
939
941
939
940
940
944
946
948
942
943
940
939
935
939
905
944
946
948
942
943
940
939
935
939
939
937
941
941
939
938
933
939
935
939
939
937
941
941
939
938
940
939
941
939
940
940
924
941
939
938
940
939
941
939
940
940
944
946
948
942
943
940
939
899
940
940
944
946
948
942
943
940
939
935
939
939
937
941
941
927
943
940
939
935
939
939
937
941
941
939
938
940
939
941
939
953
910
941
941
939
938
940
939
941
939
940
940
944
946
948
942
943
898
941
939
940
940
944
946
948
942
943
940
939
935
939
939
937
919
948
942
943
940
939
935
939
939
937
941
941
939
938
940
939
941
926
939
937
941
941
939
938
940
939
941
939
940
940
944
946
948
904
940
939
941
939
940
940
944
946
948
942
943
940
939
935
939
905
944
946
948
942
943
940
939
935
939
939
937
941
941
939
938
940
932
935
939
939
937
941
941
939
938
940
939
941
939
940
940
944
921
939
938
940
939
941
939
940
940
944
946
948
942
943
940
939
935
904
940
944
946
948
942
943
940
939
935
939
939
937
941
941
939
464
0
0
0
0
0
0
0
0
0
0
0
0
0
0
0
0
0
0
0
0
0
0
0
0
0
0
0
0
0
0
0
0
0
0
0
0
0
0
0
0
0
0
0
0
0
0
0
0
0
0
0
0
0
0
0
0
0
0
0
0
0
0
0
0
0
0
0
0
0
0
0
0
0
0
0
0
0
0
0
0
0
0
0
0
0
0
0
0
0
0
0
0
0
0
0
0
0
0
0
0
0
0
0
0
0
0
0
0
0
0
0
0
0
0
0
0
0
0
0
0
0
0
0
0
0
0
0
0
0
0
0
0
0
0
0
0
0
0
0
0
0
0
0
0
0
0
0
0
0
0
0
0
0
0
0
0
0
0
0
0
0
0
0
0
0
0
0
0
0
0
0
0
0
0
0
0
0
0
0
0
0
0
0
0
0
0
0
0
0
0
0
0
0
0
0
0
0
0
0
0
0
0
0
0
0
0
0
0
0
0
0
0
0
0
0
0
0
0
0
0
0
0
0
0
0
0
0
0
0
0
0
0
0
0
0
0
0
0
0
0
0
0
0
0
0
0
0
0
0
0
0
0
0
0
0
0
0
0
0
0
0
0
0
0
0
0
0
0
0
0
0
0
0
0
0
0
0
0
0
0
0
0
0
0
0
0
0
0
0
0
0
0
0
0
0
0
0
0
0
0
0
0
0
0
0
0
0
0
0
0
0
0
0
0
0
0
0
0
0
0
0
0
0
0
0
0
0
0
0
0
0
0
0
0
0
0
0
0
0
0
0
0
0
0
0
0
0
0
0
0
0
0
0
0
0
0
0
0
0
0
0
0
0
0
0
0
0
0
0
0
0
0
0
0
0
0
0
0
0
0
0
0
0
0
0
0
0
0
0
0
0
0
0
0
0
0
0
0
0
0
0
0
0
0
0
0
0
0
0
0
0
0
0
0
0
0
0
0
0
0
0
0
0
0
0
0
0
0
0
0
0
0
0
0
0
0
0
0
0
0
0
0
0
0
0
0
0
0
0
0
0
0
0
0
0
0
0
0
0
0
0
0
0
0
0
0
0
0
0
0
0
0
0
0
0
0
0
0
0
0
0
0
0
0
0
0
0
0
0
0
0
0
0
0
0
0
0
0
0
0
0
0
0
0
0
0
0
0
0
0
0
0
0
0
0
0
0
0
0
0
0
0
0
0
0
0
0
0
0
0
0
0
0
0
0
0
0
0
0
0
0
0
0
0
0
0
0
0
0
0
0
0
0
0
0
0
0
0
0
0
0
0
0
0
0
0
0
0
0
0
0
0
0
0
0
0
0
0
0
0
0
0
0
0
0
0
0
0
0
0
0
0
0
0
0
0
0
0
0
0
0
0
0
0
0
0
0
0
0
0
0
0
0
0
0
0
0
0
0
0
0
0
0
0
0
0
0
0
0
0
0
0
0
0
0
0
0
0
0
0
0
0
0
0
0
0
0
0
0
0
0
0
0
0
0
0
0
0
0
0
0
0
0
0
0
0
0
0
0
0
0
0
0
0
0
0
0
0
0
0
0
0
0
0
0
0
0
0
0
0
0
0
0
0
0
0
0
0
0
0
0
0
0
0
0
0
0
0
0
0
0
0
0
0
0
0
0
0
0
0
0
0
0
0
0
0
0
0
0
0
0
0
0
0
0
0
0
0
0
0
0
0
0
0
0
0
0
0
0
0
0
0
0
0
0
0
0
0
0
0
0
0
0
0
0
0
0
0
0
0
0
0
0
0
0
0
0
0
0
0
0
0
0
0
0
0
0
0
0
0
0
0
0
0
0
0
0
0
0
0
0
0
0
0
0
0
0
0
0
0
0
0
0
0
0
0
0
0
0
0
0
0
0
0
0
0
0
0
0
0
0
0
0
0
0
0
0
0
0
0
0
0
0
0
0
0
0
0
0
0
0
0
0
0
0
0
0
0
0
0
0
0
0
0
0
0
0
0
0
0
0
0
0
0
0
0
0
0
0
0
0
0
0
0
0
0
0
0
0
0
0
0
0
0
0
0
0
0
0
0
0
0
0
0
0
0
0
0
0
0
0
0
0
0
0
0
0
0
0
0
0
0
0
0
0
0
0
0
0
0
0
0
0
0
0
0
0
0
0
0
0
0
0
0
0
0
0
0
0
0
0
0
0
0
0
0
0
0
0
0
0
0
0
0
0
0
0
0
0
0
0
0
0
0
0
0
0
0
0
0
0
0
0
0
0
0
0
0
0
0
0
0
0
0
0
0
0
0
0
0
0
0
0
0
0
0
0
0
0
0
0
0
0
0
0
0
0
0
0
0
0
0
0
