717
714
714
714
715
714
714
715
714
714
714
715
714
714
715
714
714
714
715
714
714
715
714
714
714
715
714
714
715
714
714
714
715
714
714
715
714
714
714
715
714
714
715
714
714
714
715
714
714
715
714
714
714
715
714
714
715
714
714
714
715
714
714
715
714
714
714
715
714
714
715
714
714
714
715
714
714
715
714
714
714
715
714
714
715
714
714
714
715
714
714
715
714
714
714
715
714
714
715
714
714
714
715
714
714
715
714
714
714
715
714
714
715
714
714
714
715
714
714
715
714
714
714
715
714
714
715
714
714
714
715
714
714
715
714
714
714
715
714
714
715
714
714
714
715
714
714
715
714
1195
1251
1252
1247
1399
1652
1634
1652
1635
1623
1635
1652
1634
1652
1632
1652
1638
1652
1634
1652
1636
1652
1636
1652
1645
1641
1638
1635
1652
1635
1643
1634
1648
1635
1643
1636
1652
1636
1652
1633
1643
1636
1652
1636
1647
1632
1644
1636
1652
1636
1645
1620
1640
1636
1652
1629
1652
1638
1652
1629
1652
1630
1652
1636
1653
1635
1652
1636
1652
1628
1648
1655
1633
1655
1633
1644
1636
1652
1636
1650
1636
1647
1634
1652
1628
1652
1627
1652
1636
1641
1640
1646
1634
1641
1636
1652
1633
1646
1632
1652
1636
1652
1636
1652
1634
1652
1635
1652
1635
1654
1635
1652
1626
1652
1636
1650
1631
1652
1629
1652
1636
1652
1645
1643
1651
1637
1651
1634
1652
1631
1646
1636
1652
1634
1652
1623
1647
1632
1652
1634
1645
1630
1650
1635
1652
1636
1652
1636
1641
1636
1652
1630
1652
1636
1652
1636
1652
1635
1652
1627
1652
1635
1648
1634
1648
1632
1652
1634
1645
1636
1636
1652
1633
1655
1635
1629
1629
1645
1636
1652
1636
1652
1636
1652
1636
1652
1636
1652
1634
1641
1623
1639
1636
1654
1632
1652
1636
1652
1635
1644
1640
1626
1636
1652
1636
1652
1634
1642
1636
1644
1640
1648
1634
1652
1636
1652
1635
1653
1653
1635
1647
1636
1652
1635
1646
1624
1653
1634
1652
1631
1655
1631
1652
1636
1652
1617
1646
1626
1642
1635
1652
1630
1652
1636
1652
1632
1652
1628
1643
1636
1652
1636
1641
1636
1652
1610
1638
1635
1652
1636
1639
1652
1625
1657
1636
1652
1636
1652
1636
1652
1630
1652
1636
1652
1634
1652
1636
1652
1619
1652
1638
1652
1634
1645
1636
1652
1636
1652
1633
1652
1626
1652
1636
1652
1629
1643
1624
1648
1635
1652
1636
1646
1635
1652
1637
1652
1634
1648
1635
1652
1636
1653
1654
1633
1652
1636
1645
1636
1650
1629
1652
1632
1650
1636
1652
1636
1647
1630
1632
1630
1652
1636
1639
1636
1646
1626
1646
1619
1652
1636
1651
1630
1645
1636
1650
1635
1644
1634
1652
1636
1652
1636
1647
1634
1646
1645
1643
1651
1629
1652
1630
1652
1640
1652
1630
1652
1631
1643
1613
1652
1625
1652
1640
1652
1628
1652
1636
1641
1636
1652
1636
1652
1636
1643
1630
1652
1636
1652
1635
1652
1620
1645
1634
1652
1625
1658
1634
1652
1632
1652
1634
1652
1647
1641
1653
1635
1653
1634
1648
1635
1653
1635
1643
1635
1652
1634
1650
1636
1646
1635
1647
1629
1652
1636
1650
1635
1640
1638
1652
1623
1645
1629
1652
1636
1652
1636
1652
1636
1652
1623
1652
1636
1650
1627
1649
1636
1652
1622
1652
1630
1653
1655
1633
1654
1635
1652
1634
1652
1636
1643
1625
1652
1634
1652
1638
1639
1636
1652
1633
1652
1625
1649
1636
1642
1636
1654
1632
1652
1636
1652
1627
1649
1636
1652
1636
1652
1636
1652
1636
1652
1636
1652
1634
1652
1636
1647
1637
1645
1621
1652
1636
1653
1652
1635
1653
1636
1652
1626
1656
1636
1645
1625
1652
1632
1654
1624
1649
1619
1655
1626
1650
1635
1636
1629
1652
1634
1652
1635
1652
1637
1652
1635
1652
1633
1645
1636
1652
1636
1650
1635
1642
1634
1650
1634
1645
1625
1649
1652
1624
1647
1634
1652
1629
1657
1632
1652
1634
1652
1621
1628
1634
1652
1631
1643
1626
1650
1636
1647
1630
1652
1635
1652
1637
1644
1629
1647
1635
1652
1637
1643
1621
1641
1634
1652
1635
1652
1635
1652
1638
1641
1657
1630
1651
1636
1652
1636
1652
1636
1638
1635
1652
1605
1646
1636
1652
1636
1652
1636
1652
1617
1645
1636
1652
1625
1652
1634
1652
1634
1652
1636
1652
1636
1652
1636
1652
1625
1646
1636
1638
1636
1652
1632
1652
1634
1652
1649
1626
1653
1634
1650
1625
1652
1636
1649
1626
1652
1634
1652
1631
1652
1634
1652
1638
1646
1635
1640
1636
1649
1637
1641
1634
1648
1627
1641
1630
1649
1632
1652
1636
1652
1636
1652
1636
1639
1636
1652
1634
1647
1636
1646
1651
1637
1651
1634
1652
1635
1652
1636
1652
1636
1652
1633
1645
1636
1652
1636
1652
1636
1652
1636
1652
1630
1655
1633
1652
1629
1650
1635
1648
1634
1648
1614
1648
1636
1648
1634
1652
1635
1639
1636
1646
1630
1652
1636
1645
1633
1652
1620
1654
1653
1629
1647
1636
1639
1630
1652
1636
1632
1621
1647
1617
1652
1630
1645
1636
1652
1636
1649
1626
1652
1636
1652
1636
1652
1636
1650
1635
1641
1635
1648
1636
1645
1636
1652
1636
1649
1636
1652
1626
1652
1636
1652
1645
1643
1655
1633
1651
1629
1652
1636
1646
1636
1652
1630
1652
1635
1646
1636
1652
1623
1650
1638
1646
1629
1645
1635
1646
1636
1652
1636
1652
1636
1652
1636
1652
1635
1647
1635
1620
1634
1652
1631
1652
1636
1652
1634
1652
1632
1652
1636
1638
1639
1624
1655
1626
1654
1634
1648
1626
1645
1634
1653
1630
1645
1634
1647
1636
1652
1629
1638
1636
1652
1633
1652
1633
1652
1629
1652
1634
1652
1635
