11430
11429
11429
11428
11429
11428
11429
11428
11429
11429
11428
11429
11428
11429
11428
11429
11429
11428
11429
11428
11429
11428
11429
11429
11428
11429
11428
11429
11428
11429
11429
11428
11429
11428
11429
11428
11429
11429
11428
11429
11428
11429
11428
11429
11429
11428
11429
11428
11429
11428
11429
11429
11428
11429
11428
11429
11428
11429
11429
11428
11429
11428
11429
11428
11429
11429
11428
11429
11428
11429
11428
11429
11429
11428
11429
11428
11429
11428
11429
11429
11428
11429
11428
11429
11428
11429
11429
11428
11429
11428
11429
11428
11429
11429
11428
11429
11428
11429
11428
11429
11429
11428
11429
11428
11429
11428
11429
11429
11428
11429
11428
11429
11428
11429
11429
11428
11429
11428
11429
11428
11429
11429
11428
11429
11428
11429
11428
11429
11429
11428
11429
11428
11429
11428
11429
11429
11428
11429
11428
11429
11428
11429
11429
11428
11429
11428
11429
11428
11429
11369
11365
11364
11362
11430
11534
11522
11534
11523
11530
11523
11534
11523
11534
11524
11534
11523
11534
11524
11534
11524
11534
11523
11534
11526
11530
11532
11523
11534
11523
11535
11522
11533
11523
11533
11524
11534
11522
11534
11524
11533
11524
11534
11522
11532
11524
11533
11524
11534
11523
11535
11519
11534
11523
11534
11521
11534
11523
11534
11525
11534
11521
11534
11522
11536
11523
11534
11522
11534
11524
11533
11535
11523
11534
11522
11534
11524
11534
11523
11534
11523
11532
11523
11534
11523
11534
11524
11534
11523
11531
11523
11536
11522
11534
11523
11534
11522
11532
11524
11534
11524
11534
11523
11534
11522
11534
11523
11534
11523
11535
11523
11534
11523
11534
11524
11533
11522
11534
11524
11534
11523
11534
11526
11532
11532
11525
11533
11522
11534
11522
11536
11522
11534
11523
11534
11521
11532
11524
11534
11524
11532
11525
11533
11523
11534
11522
11534
11524
11534
11523
11534
11521
11534
11524
11534
11522
11534
11523
11534
11523
11534
11523
11533
11523
11535
11522
11534
11523
11535
11523
11532
11534
11522
11534
11523
11533
11521
11534
11524
11534
11523
11534
11524
11534
11523
11534
11523
11534
11522
11533
11523
11531
11524
11533
11524
11534
11522
11534
11523
11533
11523
11532
11522
11534
11524
11534
11523
11534
11522
11534
11523
11535
11523
11534
11523
11534
11523
11535
11535
11521
11534
11522
11534
11523
11536
11522
11532
11524
11534
11522
11535
11522
11534
11522
11534
11523
11532
11522
11534
11524
11534
11521
11534
11522
11534
11524
11534
11523
11533
11523
11534
11524
11534
11522
11534
11521
11532
11523
11534
11522
11533
11535
11521
11534
11522
11534
11525
11534
11522
11534
11524
11534
11524
11534
11523
11534
11523
11534
11521
11534
11523
11534
11523
11535
11523
11534
11524
11534
11521
11534
11523
11534
11524
11533
11521
11533
11523
11533
11523
11534
11522
11537
11522
11534
11524
11534
11522
11533
11523
11534
11522
11535
11535
11522
11535
11523
11535
11523
11533
11521
11534
11524
11534
11523
11534
11524
11532
11525
11529
11525
11534
11523
11531
11524
11533
11522
11532
11523
11534
11524
11533
11521
11536
11523
11532
11523
11533
11524
11534
11523
11534
11524
11532
11522
11536
11527
11531
11533
11520
11534
11524
11534
11523
11534
11524
11534
11521
11533
11523
11534
11520
11534
11523
11534
11524
11534
11523
11534
11524
11534
11523
11534
11522
11534
11522
11534
11522
11534
11523
11534
11522
11534
11522
11534
11522
11534
11523
11534
11524
11534
11523
11534
11530
11528
11535
11521
11535
11523
11532
11523
11535
11523
11533
11523
11534
11523
11534
11522
11537
11522
11532
11524
11534
11524
11532
11523
11533
11524
11534
11523
11531
11524
11534
11524
11534
11523
11534
11522
11534
11522
11534
11524
11532
11522
11536
11523
11534
11521
11534
11521
11535
11534
11523
11534
11523
11534
11523
11534
11524
11533
11523
11534
11522
11534
11524
11533
11524
11534
11520
11535
11524
11532
11522
11534
11524
11533
11524
11534
11522
11534
11522
11535
11524
11534
11523
11534
11524
11534
11523
11534
11523
11534
11522
11534
11523
11533
11523
11536
11520
11534
11523
11535
11535
11522
11535
11522
11534
11521
11534
11524
11535
11520
11534
11524
11535
11521
11533
11521
11534
11524
11533
11523
11532
11523
11534
11522
11534
11523
11534
11524
11534
11523
11534
11523
11534
11524
11533
11524
11533
11523
11533
11523
11533
11523
11535
11520
11535
11534
11522
11532
11523
11534
11524
11532
11524
11534
11524
11534
11521
11532
11522
11534
11522
11533
11524
11533
11524
11532
11525
11534
11522
11534
11524
11530
11525
11532
11523
11534
11524
11534
11520
11534
11522
11534
11523
11534
11523
11534
11526
11531
11534
11525
11533
11524
11534
11523
11534
11523
11532
11523
11534
11520
11533
11524
11534
11523
11534
11524
11534
11518
11535
11524
11534
11520
11534
11524
11535
11522
11534
11523
11534
11523
11534
11524
11534
11522
11533
11522
11533
11522
11534
11524
11534
11524
11535
11532
11524
11532
11524
11534
11523
11534
11523
11532
11523
11534
11523
11534
11521
11534
11523
11534
11523
11537
11522
11533
11523
11532
11524
11534
11522
11533
11523
11534
11521
11535
11523
11533
11524
11534
11523
11534
11524
11531
11523
11534
11523
11533
11522
11536
11533
11525
11533
11522
11534
11523
11534
11524
11534
11522
11534
11524
11534
11524
11534
11523
11534
11523
11534
11524
11534
11520
11535
11523
11534
11524
11532
11523
11533
11523
11535
11519
11536
11524
11531
11523
11534
11523
11533
11522
11536
11521
11534
11524
11534
11522
11534
11520
11535
11535
11521
11536
11523
11533
11521
11534
11522
11533
11522
11532
11522
11535
11521
11535
11523
11534
11524
11532
11522
11534
11524
11534
11524
11533
11524
11532
11523
11534
11523
11533
11523
11535
11523
11534
11523
11533
11522
11534
11524
11534
11524
11534
11525
11532
11532
11525
11533
11521
11534
11524
11535
11524
11534
11520
11534
11523
11535
11524
11534
11520
11534
11524
11533
11524
11531
11523
11535
11524
11534
11523
11534
11522
11534
11525
11534
11522
11532
11523
11531
11523
11534
11521
11534
11524
11534
11523
11534
11524
11534
11524
11532
11533
11522
11532
11523
11534
11523
11533
11522
11535
11522
11535
11521
11536
11521
11534
11522
11534
11525
11532
11524
11534
11520
11534
11524
11534
11523
11534
11522
11534
11523
