4
0
0
0
0
0
0
0
0
0
0
0
0
0
0
0
0
0
0
0
0
0
0
0
0
0
0
0
0
0
0
0
0
0
0
0
0
0
0
0
0
0
0
0
0
0
0
0
0
0
0
0
0
0
0
0
0
0
0
0
0
0
0
0
0
0
0
0
0
0
0
0
0
0
0
0
0
0
0
0
0
0
0
0
0
0
0
0
0
0
0
0
0
0
0
0
0
0
0
0
0
0
0
0
0
0
0
0
0
0
0
0
0
0
0
0
0
0
0
0
0
0
0
0
0
0
0
228
1141
1143
1144
868
704
704
708
704
704
708
704
708
704
700
704
708
708
704
704
708
704
708
708
704
703
705
708
704
708
704
704
708
704
704
707
705
704
704
704
704
704
704
708
704
704
707
705
708
704
707
705
708
704
708
704
704
708
708
704
704
708
704
708
703
704
705
704
704
708
704
699
705
708
704
708
708
704
708
704
708
704
704
708
700
708
708
704
708
704
704
708
708
704
708
705
707
704
708
704
708
704
704
708
707
705
704
708
708
700
704
704
708
704
704
704
708
704
704
704
708
704
704
708
708
704
708
704
708
704
707
705
708
704
708
708
704
708
704
704
708
704
708
704
705
699
708
704
708
704
705
707
704
708
704
708
704
708
700
700
704
708
704
708
712
696
708
704
700
708
708
696
708
700
708
704
708
704
708
700
704
708
708
700
700
708
704
704
708
704
708
708
704
708
708
704
707
701
708
700
708
704
707
705
708
704
704
708
704
708
708
704
704
704
708
704
707
705
704
708
704
708
705
707
704
708
705
707
708
704
704
708
704
706
702
708
704
704
708
704
704
708
704
704
704
708
704
708
704
704
708
704
704
708
708
704
707
705
704
704
704
704
708
708
700
704
704
704
696
708
704
708
707
697
704
708
704
704
708
704
704
708
704
704
708
708
704
708
704
708
704
708
704
704
700
704
708
704
688
704
708
700
704
704
704
700
708
704
704
704
704
700
704
708
704
708
704
708
707
705
704
708
704
707
705
704
708
708
701
707
708
704
704
708
704
704
708
707
705
704
708
700
704
704
704
708
708
704
704
708
704
704
708
704
707
705
700
704
708
704
704
708
704
708
704
708
704
708
704
704
704
704
704
704
700
704
708
701
704
707
704
708
704
708
712
700
704
705
704
703
708
704
708
704
704
700
708
700
707
705
704
708
707
705
704
704
704
700
708
703
701
704
704
708
707
705
704
708
712
699
705
704
704
704
707
705
704
708
704
708
704
705
707
708
704
704
708
704
708
704
708
704
700
704
704
704
704
697
707
704
708
708
704
704
708
704
704
708
704
700
708
704
707
705
700
704
704
707
705
704
708
704
707
705
704
700
708
704
708
697
704
707
704
704
707
705
708
700
708
705
707
704
708
704
707
701
708
700
708
704
708
704
704
704
707
705
704
708
704
708
704
701
707
704
704
704
708
704
704
708
704
704
708
708
704
704
708
704
700
700
708
700
708
701
707
704
704
704
708
704
708
700
704
705
707
708
704
700
700
704
708
704
708
704
704
704
708
704
708
705
707
704
704
708
704
708
708
704
704
704
708
704
708
700
705
707
704
708
707
709
704
704
708
704
708
704
704
708
704
704
704
704
708
704
708
700
708
704
704
708
708
704
704
708
704
704
708
708
704
705
707
704
708
708
704
708
704
704
708
708
704
708
704
708
704
708
700
708
707
704
701
708
712
700
708
700
704
704
708
704
705
707
704
708
700
700
705
707
704
708
708
700
704
704
704
708
708
704
704
704
704
707
705
704
704
708
700
708
704
708
704
708
704
704
708
704
708
704
708
704
704
708
707
705
708
704
708
708
704
704
708
708
704
704
704
704
707
705
704
708
704
704
704
704
704
708
704
703
705
704
704
708
704
705
707
708
704
708
704
704
708
704
705
707
704
708
704
708
704
708
704
707
705
708
704
708
704
708
704
708
704
704
708
704
704
704
708
704
704
708
704
708
704
708
704
708
705
707
704
668
528
524
528
344
0
0
0
0
0
0
0
0
0
0
0
0
0
0
0
0
0
0
0
0
0
0
0
0
0
0
0
0
0
0
0
0
0
0
0
0
0
0
0
0
0
0
0
0
0
0
0
0
0
0
0
0
0
0
0
0
0
0
0
0
0
0
0
0
0
0
0
0
0
0
0
0
0
0
0
0
0
0
0
0
0
0
0
0
0
0
0
0
0
0
0
0
0
0
0
0
0
0
0
0
0
0
0
0
0
0
0
0
0
