1
0
0
0
0
0
0
0
0
0
0
0
0
0
0
0
0
0
0
0
0
0
0
0
0
0
0
0
0
0
0
0
0
0
0
0
0
0
0
0
0
0
0
0
0
0
0
0
0
0
0
0
0
0
0
0
0
0
0
0
0
0
0
0
0
0
0
0
0
0
0
0
0
0
0
0
0
0
0
0
0
0
0
0
0
0
0
0
0
0
0
0
0
0
0
0
0
0
0
0
0
0
0
0
0
0
0
0
0
0
0
0
0
0
0
0
0
0
0
0
0
0
0
0
0
0
0
173
858
853
858
1407
1731
1756
1738
1732
1758
1734
1738
1761
1729
1703
1769
1734
1743
1764
1732
1736
1769
1734
1743
1756
1725
1742
1734
1756
1743
1729
1769
1730
1740
1745
1743
1740
1745
1729
1738
1743
1725
1738
1761
1729
1736
1763
1740
1736
1768
1731
1742
1761
1729
1743
1729
1767
1740
1739
1756
1742
1734
1756
1743
1725
1756
1740
1731
1747
1739
1736
1723
1740
1736
1768
1735
1743
1760
1743
1742
1761
1736
1725
1736
1751
1741
1736
1767
1736
1742
1756
1741
1736
1764
1739
1743
1760
1742
1741
1756
1736
1742
1756
1730
1743
1760
1742
1742
1719
1750
1736
1731
1761
1725
1740
1758
1741
1718
1768
1730
1730
1756
1742
1741
1763
1740
1736
1769
1734
1736
1763
1742
1734
1769
1734
1743
1741
1762
1729
1738
1761
1742
1734
1769
1730
1702
1761
1729
1743
1767
1732
1729
1769
1734
1738
1761
1742
1730
1750
1702
1731
1761
1742
1734
1745
1749
1741
1730
1739
1741
1736
1729
1741
1708
1762
1742
1734
1769
1730
1711
1764
1735
1743
1738
1720
1730
1756
1742
1741
1762
1734
1743
1767
1736
1743
1760
1743
1718
1736
1751
1734
1732
1763
1742
1734
1756
1729
1743
1767
1736
1743
1760
1736
1731
1761
1725
1743
1760
1736
1736
1768
1735
1743
1729
1764
1739
1743
1760
1743
1729
1767
1736
1742
1753
1728
1741
1756
1731
1738
1765
1725
1741
1745
1742
1724
1762
1736
1736
1756
1733
1739
1729
1769
1743
1734
1756
1743
1729
1767
1722
1721
1769
1734
1743
1751
1729
1719
1756
1687
1734
1769
1734
1743
1720
1732
1736
1769
1729
1730
1767
1731
1730
1768
1730
1741
1736
1756
1743
1742
1761
1742
1730
1760
1738
1690
1769
1730
1741
1660
1729
1743
1734
1742
1712
1752
1724
1741
1756
1731
1719
1762
1707
1719
1763
1740
1736
1769
1734
1743
1760
1742
1730
1769
1730
1742
1729
1761
1743
1725
1760
1743
1740
1756
1736
1736
1762
1730
1743
1760
1742
1742
1730
1732
1714
1769
1734
1743
1760
1736
1732
1767
1731
1730
1736
1763
1725
1724
1752
1734
1725
1756
1743
1741
1762
1740
1736
1769
1734
1736
1756
1714
1736
1756
1731
1690
1769
1730
1721
1756
1729
1742
1761
1742
1730
1753
1746
1742
1730
1756
1724
1741
1756
1736
1736
1745
1719
1731
1738
1743
1740
1756
1736
1743
1760
1725
1733
1756
1712
1734
1752
1724
1725
1752
1734
1743
1760
1742
1730
1753
1746
1729
1725
1764
1721
1739
1760
1738
1734
1768
1731
1740
1763
1741
1735
1763
1725
1736
1767
1736
1742
1761
1736
1696
1756
1736
1725
1756
1692
1742
1756
1734
1743
1729
1756
1743
1725
1760
1743
1729
1734
1743
1740
1763
1729
1707
1769
1712
1743
1760
1742
1730
1768
1731
1742
1756
1707
1734
1756
1743
1703
1756
1737
1717
1756
1743
1742
1734
1746
1735
1743
1760
1738
1734
1756
1743
1724
1761
1719
1735
1769
1734
1729
1748
1729
1743
1760
1742
1742
1757
1734
1725
1752
1737
1728
1745
1729
1743
1729
1768
1735
1738
1756
1738
1739
1756
1742
1734
1752
1719
1702
1763
1724
1741
1741
1737
1728
1745
1742
1730
1767
1736
1703
1760
1743
1742
1761
1729
1703
1738
1736
1740
1765
1734
1738
1723
1745
1743
1742
1761
1743
1737
1765
1725
1734
1769
1734
1743
1756
1742
1725
1761
1729
1743
1751
1730
1742
1756
1734
1743
1743
1760
1742
1734
1769
1730
1741
1756
1735
1725
1756
1725
1742
1761
1736
1732
1751
1730
1742
1756
1734
1743
1756
1729
1743
1756
1742
1738
1739
1760
1739
1737
1765
1741
1736
1767
1736
1742
1756
1730
1743
1767
1736
1742
1761
1742
1730
1747
1734
1743
1756
1724
1738
1749
1757
1736
1707
1752
1737
1735
1756
1743
1737
1765
1741
1709
1734
1730
1742
1756
1734
1743
1738
1725
1733
1765
1741
1736
1756
1733
1734
1756
1726
1729
1763
1731
1734
1747
1734
1736
1736
1768
1735
1736
1756
1732
1740
1763
1740
1736
1756
1742
1741
1763
1742
1734
1769
1734
1743
1756
1741
1735
1743
1760
1721
1740
1756
1732
1740
1758
1730
1729
1767
1714
1742
1756
1730
1742
1739
1725
1741
1756
1735
1736
1763
1737
1739
1767
1732
1742
1756
1734
1725
1743
1760
1738
1734
1756
1743
1742
1761
1729
1743
1760
1743
1742
1761
1742
1741
1762
1730
1729
1769
1730
1733
1748
1740
1736
1742
1746
1736
1742
1761
1736
1736
1764
1739
1743
1760
1742
1346
132
131
132
86
0
0
0
0
0
0
0
0
0
0
0
0
0
0
0
0
0
0
0
0
0
0
0
0
0
0
0
0
0
0
0
0
0
0
0
0
0
0
0
0
0
0
0
0
0
0
0
0
0
0
0
0
0
0
0
0
0
0
0
0
0
0
0
0
0
0
0
0
0
0
0
0
0
0
0
0
0
0
0
0
0
0
0
0
0
0
0
0
0
0
0
0
0
0
0
0
0
0
0
0
0
0
0
0
0
0
0
0
0
