835
833
833
834
833
833
834
833
833
834
833
833
834
833
833
834
833
833
834
833
833
834
833
833
834
833
833
834
833
833
834
833
833
834
833
833
834
833
833
834
833
833
834
833
833
834
833
833
834
833
833
834
833
833
834
833
833
834
833
833
834
833
833
834
833
833
834
833
833
834
833
833
834
833
833
834
833
833
834
833
833
834
833
833
834
833
833
834
833
833
834
833
833
834
833
833
834
833
833
834
833
833
834
833
833
834
833
833
834
833
833
834
833
833
834
833
833
834
833
833
834
833
833
834
833
833
834
810
714
714
714
601
532
533
530
532
533
529
533
530
533
542
531
529
530
531
532
528
531
529
530
533
536
529
529
533
530
532
531
532
530
535
530
530
535
534
531
535
536
533
530
532
533
530
530
528
531
533
529
530
532
530
532
531
530
529
533
529
529
533
530
536
533
530
531
537
529
533
544
530
528
531
529
530
529
531
529
530
533
535
529
536
530
529
531
528
530
533
530
529
531
529
530
529
530
530
533
529
529
533
533
530
529
530
530
541
530
533
532
530
535
530
533
530
534
531
532
532
533
530
530
530
530
528
531
529
533
530
530
530
529
529
530
530
530
531
534
530
529
529
531
533
543
530
534
528
531
532
531
531
529
533
530
530
532
536
544
532
530
530
530
536
529
530
532
538
530
529
545
530
541
530
529
529
531
532
539
532
529
530
538
539
532
533
530
530
529
531
528
531
529
530
529
531
538
529
536
530
535
530
529
529
533
532
530
531
529
530
529
534
531
530
536
530
529
534
528
531
529
530
532
531
528
531
529
530
532
531
528
530
538
531
530
533
532
530
529
536
530
535
530
535
530
533
528
533
534
528
532
531
530
529
533
530
532
531
535
534
531
529
530
536
532
539
533
549
529
531
529
530
543
537
528
531
532
532
531
532
532
531
532
530
529
532
530
530
530
529
533
531
531
546
531
532
530
567
532
530
542
529
538
536
535
530
533
532
539
529
541
539
530
530
528
531
529
530
529
530
534
529
533
529
532
530
530
536
529
530
530
533
528
534
529
533
530
529
530
530
542
532
537
531
529
530
531
532
532
531
531
532
533
530
535
535
536
530
534
533
530
530
530
530
528
531
529
533
533
538
533
533
531
548
529
532
539
533
532
529
530
530
532
530
533
529
533
533
534
531
533
528
534
535
539
532
538
530
530
533
529
530
529
536
533
533
540
529
537
535
535
536
529
530
529
530
532
530
534
531
536
531
535
532
529
533
529
531
532
530
530
530
528
534
535
529
531
529
529
530
534
542
533
534
535
533
547
529
532
531
528
532
533
530
536
529
530
532
542
530
530
530
532
540
531
539
529
529
530
532
531
533
529
533
541
530
533
529
544
533
530
537
534
529
529
529
540
528
531
529
533
529
533
530
535
530
539
528
531
529
537
535
532
530
529
530
530
533
529
535
537
530
535
535
532
530
532
531
528
534
533
530
529
533
529
529
537
538
544
530
535
530
538
530
535
535
530
532
531
529
544
529
531
529
530
532
544
538
534
530
529
529
533
536
534
530
530
530
530
530
529
535
529
531
529
530
533
530
535
530
532
530
536
533
529
533
529
530
529
531
529
529
531
532
530
533
528
536
533
535
530
530
533
532
536
532
529
533
529
530
533
534
528
533
530
530
529
529
534
530
529
530
529
531
528
530
533
532
530
531
529
529
530
530
532
539
529
530
533
535
530
529
531
528
541
536
533
529
533
530
530
529
530
541
541
533
529
533
529
530
538
536
533
529
531
528
533
534
531
533
536
531
534
532
530
538
529
534
528
531
528
534
533
532
530
530
530
528
533
530
530
530
530
530
529
529
530
533
530
528
530
530
539
530
533
532
530
533
532
532
531
537
530
533
533
529
539
535
530
533
529
533
530
530
528
531
532
529
533
531
533
531
529
533
529
533
530
530
530
533
529
529
531
529
530
530
530
529
533
531
531
533
533
535
530
528
530
540
528
530
530
533
529
531
528
531
529
530
528
526
526
527
635
833
833
834
833
833
834
833
833
834
833
833
834
833
833
834
833
833
834
833
833
834
833
833
834
833
833
834
833
833
834
833
833
834
833
833
834
833
833
834
833
833
834
833
833
834
833
833
834
833
833
834
833
833
834
833
833
834
833
833
834
833
833
834
833
833
834
833
833
834
833
833
834
833
833
834
833
833
834
833
833
834
833
833
834
833
833
834
833
833
834
833
833
834
833
833
834
833
833
834
833
833
834
833
833
834
833
833
834
833
