11670
11666
11666
11668
11666
11666
11668
11666
11666
11668
11666
11666
11668
11666
11666
11668
11666
11666
11668
11666
11666
11668
11666
11666
11668
11666
11666
11668
11666
11666
11668
11666
11666
11668
11666
11666
11668
11666
11666
11668
11666
11666
11668
11666
11666
11668
11666
11666
11668
11666
11666
11668
11666
11666
11668
11666
11666
11668
11666
11666
11668
11666
11666
11668
11666
11666
11668
11666
11666
11668
11666
11666
11668
11666
11666
11668
11666
11666
11668
11666
11666
11668
11666
11666
11668
11666
11666
11668
11666
11666
11668
11666
11666
11668
11666
11666
11668
11666
11666
11668
11666
11666
11668
11666
11666
11668
11666
11666
11668
11666
11666
11668
11666
11666
11668
11666
11666
11668
11666
11666
11668
11666
11666
11668
11666
11666
11668
11850
12573
12563
12574
13360
13840
13882
13830
13840
13890
13826
13846
13880
13832
13838
13894
13826
13844
13878
13840
13832
13894
13826
13844
13882
13839
13841
13828
13882
13844
13832
13892
13834
13836
13878
13843
13831
13884
13834
13848
13870
13840
13846
13880
13832
13840
13885
13831
13838
13888
13839
13841
13878
13832
13844
13832
13882
13840
13842
13882
13842
13826
13882
13844
13839
13882
13831
13844
13874
13842
13838
13883
13831
13838
13888
13832
13844
13874
13846
13842
13876
13838
13836
13840
13888
13834
13836
13880
13838
13844
13882
13832
13838
13878
13842
13843
13875
13844
13836
13882
13834
13842
13882
13834
13843
13875
13844
13838
13856
13860
13838
13840
13880
13838
13834
13892
13830
13834
13888
13838
13832
13882
13844
13836
13884
13832
13836
13890
13830
13840
13885
13841
13830
13892
13826
13844
13838
13882
13830
13850
13878
13842
13826
13894
13833
13839
13876
13834
13842
13884
13841
13831
13890
13830
13850
13876
13840
13836
13882
13838
13840
13876
13840
13830
13874
13858
13830
13840
13882
13836
13834
13890
13830
13842
13882
13842
13826
13892
13834
13828
13892
13832
13844
13876
13842
13836
13882
13844
13830
13888
13828
13842
13884
13836
13844
13874
13845
13833
13838
13884
13830
13846
13885
13841
13828
13882
13832
13844
13882
13838
13844
13874
13840
13842
13876
13840
13843
13875
13838
13838
13888
13832
13843
13833
13878
13840
13845
13875
13844
13832
13886
13832
13844
13884
13838
13834
13882
13840
13830
13890
13840
13832
13882
13840
13836
13882
13840
13834
13882
13836
13840
13832
13894
13840
13830
13882
13843
13833
13880
13836
13836
13894
13826
13844
13884
13836
13836
13882
13844
13826
13890
13830
13843
13871
13846
13836
13890
13836
13832
13884
13842
13832
13888
13838
13832
13838
13880
13844
13844
13876
13842
13834
13876
13848
13828
13894
13832
13838
13876
13832
13844
13884
13842
13828
13888
13838
13836
13882
13840
13832
13888
13834
13838
13884
13832
13836
13890
13830
13843
13875
13844
13834
13892
13833
13841
13834
13876
13844
13839
13875
13844
13836
13882
13832
13838
13888
13834
13843
13875
13844
13838
13874
13840
13834
13894
13826
13844
13876
13840
13842
13880
13844
13832
13840
13885
13839
13838
13884
13830
13838
13882
13844
13838
13882
13834
13834
13892
13828
13842
13882
13836
13836
13882
13844
13830
13892
13832
13845
13882
13833
13842
13876
13844
13832
13860
13866
13842
13833
13882
13837
13838
13882
13832
13838
13884
13840
13838
13876
13843
13831
13882
13840
13843
13875
13840
13834
13882
13848
13826
13889
13837
13840
13884
13830
13843
13875
13844
13832
13860
13867
13831
13840
13878
13836
13849
13875
13848
13828
13888
13838
13832
13887
13839
13830
13892
13831
13841
13880
13840
13842
13876
13838
13834
13882
13844
13836
13882
13839
13839
13884
13828
13842
13832
13882
13844
13840
13874
13844
13832
13884
13844
13834
13885
13833
13832
13890
13832
13843
13875
13844
13832
13888
13839
13841
13882
13832
13830
13882
13844
13839
13882
13829
13842
13882
13843
13841
13828
13890
13830
13845
13875
13846
13830
13882
13843
13839
13876
13840
13830
13894
13826
13842
13886
13832
13843
13875
13844
13838
13888
13826
13838
13889
13829
13846
13878
13832
13844
13832
13888
13830
13850
13882
13830
13842
13882
13842
13826
13890
13838
13838
13884
13838
13830
13889
13829
13846
13878
13844
13832
13880
13840
13840
13874
13845
13839
13880
13832
13840
13876
13840
13840
13890
13826
13850
13826
13882
13844
13844
13876
13843
13829
13890
13838
13826
13894
13826
13844
13882
13844
13836
13878
13832
13844
13888
13833
13839
13882
13830
13843
13843
13878
13842
13826
13894
13832
13838
13882
13830
13840
13882
13838
13844
13876
13840
13842
13886
13834
13842
13882
13826
13844
13882
13834
13842
13882
13842
13830
13842
13874
13851
13829
13890
13836
13834
13882
13836
13844
13882
13832
13844
13880
13840
13842
13876
13842
13834
13890
13830
13843
13882
13837
13830
13858
13868
13834
13834
13888
13844
13832
13882
13843
13829
13890
13836
13842
13882
13833
13839
13882
13830
13844
13876
13840
13834
13890
13836
13834
13882
13836
13846
13882
13839
13831
13888
13840
13830
13894
13826
13838
13838
13888
13830
13840
13882
13844
13836
13884
13832
13836
13882
13844
13834
13885
13841
13830
13892
13826
13844
13882
13838
13830
13844
13876
13846
13836
13882
13839
13831
13892
13836
13832
13884
13836
13844
13882
13834
13842
13877
13839
13838
13882
13832
13838
13887
13829
13840
13886
13840
13842
13882
13828
13836
13845
13875
13850
13826
13882
13844
13840
13880
13832
13843
13875
13846
13842
13876
13844
13830
13888
13834
13830
13894
13834
13834
13886
13836
13832
13844
13882
13838
13844
13876
13838
13838
13878
13840
13845
13875
13844
13152
11052
11052
11054
11268
11668
11666
11666
11668
11666
11666
11668
11666
11666
11668
11666
11666
11668
11666
11666
11668
11666
11666
11668
11666
11666
11668
11666
11666
11668
11666
11666
11668
11666
11666
11668
11666
11666
11668
11666
11666
11668
11666
11666
11668
11666
11666
11668
11666
11666
11668
11666
11666
11668
11666
11666
11668
11666
11666
11668
11666
11666
11668
11666
11666
11668
11666
11666
11668
11666
11666
11668
11666
11666
11668
11666
11666
11668
11666
11666
11668
11666
11666
11668
11666
11666
11668
11666
11666
11668
11666
11666
11668
11666
11666
11668
11666
11666
11668
11666
11666
11668
11666
11666
11668
11666
11666
11668
11666
11666
11668
11666
11666
11668
