1.167
1.1666
1.1666
1.1668
1.1666
1.1666
1.1668
1.1666
1.1666
1.1668
1.1666
1.1666
1.1668
1.1666
1.1666
1.1668
1.1666
1.1666
1.1668
1.1666
1.1666
1.1668
1.1666
1.1666
1.1668
1.1666
1.1666
1.1668
1.1666
1.1666
1.1668
1.1666
1.1666
1.1668
1.1666
1.1666
1.1668
1.1666
1.1666
1.1668
1.1666
1.1666
1.1668
1.1666
1.1666
1.1668
1.1666
1.1666
1.1668
1.1666
1.1666
1.1668
1.1666
1.1666
1.1668
1.1666
1.1666
1.1668
1.1666
1.1666
1.1668
1.1666
1.1666
1.1668
1.1666
1.1666
1.1668
1.1666
1.1666
1.1668
1.1666
1.1666
1.1668
1.1666
1.1666
1.1668
1.1666
1.1666
1.1668
1.1666
1.1666
1.1668
1.1666
1.1666
1.1668
1.1666
1.1666
1.1668
1.1666
1.1666
1.1668
1.1666
1.1666
1.1668
1.1666
1.1666
1.1668
1.1666
1.1666
1.1668
1.1666
1.1666
1.1668
1.1666
1.1666
1.1668
1.1666
1.1666
1.1668
1.1666
1.1666
1.1668
1.1666
1.1666
1.1668
1.1666
1.1666
1.1668
1.1666
1.1666
1.1668
1.1666
1.1666
1.1668
1.1666
1.1666
1.1668
1.185
1.2573
1.2563
1.2574
1.336
1.384
1.3882
1.383
1.384
1.389
1.3826
1.3846
1.388
1.3832
1.3838
1.3894
1.3826
1.3844
1.3878
1.384
1.3832
1.3894
1.3826
1.3844
1.3882
1.3839
1.3841
1.3828
1.3882
1.3844
1.3832
1.3892
1.3834
1.3836
1.3878
1.3843
1.3831
1.3884
1.3834
1.3848
1.387
1.384
1.3846
1.388
1.3832
1.384
1.3885
1.3831
1.3838
1.3888
1.3839
1.3841
1.3878
1.3832
1.3844
1.3832
1.3882
1.384
1.3842
1.3882
1.3842
1.3826
1.3882
1.3844
1.3839
1.3882
1.3831
1.3844
1.3874
1.3842
1.3838
1.3883
1.3831
1.3838
1.3888
1.3832
1.3844
1.3874
1.3846
1.3842
1.3876
1.3838
1.3836
1.384
1.3888
1.3834
1.3836
1.388
1.3838
1.3844
1.3882
1.3832
1.3838
1.3878
1.3842
1.3843
1.3875
1.3844
1.3836
1.3882
1.3834
1.3842
1.3882
1.3834
1.3843
1.3875
1.3844
1.3838
1.3856
1.386
1.3838
1.384
1.388
1.3838
1.3834
1.3892
1.383
1.3834
1.3888
1.3838
1.3832
1.3882
1.3844
1.3836
1.3884
1.3832
1.3836
1.389
1.383
1.384
1.3885
1.3841
1.383
1.3892
1.3826
1.3844
1.3838
1.3882
1.383
1.385
1.3878
1.3842
1.3826
1.3894
1.3833
1.3839
1.3876
1.3834
1.3842
1.3884
1.3841
1.3831
1.389
1.383
1.385
1.3876
1.384
1.3836
1.3882
1.3838
1.384
1.3876
1.384
1.383
1.3874
1.3858
1.383
1.384
1.3882
1.3836
1.3834
1.389
1.383
1.3842
1.3882
1.3842
1.3826
1.3892
1.3834
1.3828
1.3892
1.3832
1.3844
1.3876
1.3842
1.3836
1.3882
1.3844
1.383
1.3888
1.3828
1.3842
1.3884
1.3836
1.3844
1.3874
1.3845
1.3833
1.3838
1.3884
1.383
1.3846
1.3885
1.3841
1.3828
1.3882
1.3832
1.3844
1.3882
1.3838
1.3844
1.3874
1.384
1.3842
1.3876
1.384
1.3843
1.3875
1.3838
1.3838
1.3888
1.3832
1.3843
1.3833
1.3878
1.384
1.3845
1.3875
1.3844
1.3832
1.3886
1.3832
1.3844
1.3884
1.3838
1.3834
1.3882
1.384
1.383
1.389
1.384
1.3832
1.3882
1.384
1.3836
1.3882
1.384
1.3834
1.3882
1.3836
1.384
1.3832
1.3894
1.384
1.383
1.3882
1.3843
1.3833
1.388
1.3836
1.3836
1.3894
1.3826
1.3844
1.3884
1.3836
1.3836
1.3882
1.3844
1.3826
1.389
1.383
1.3843
1.3871
1.3846
1.3836
1.389
1.3836
1.3832
1.3884
1.3842
1.3832
1.3888
1.3838
1.3832
1.3838
1.388
1.3844
1.3844
1.3876
1.3842
1.3834
1.3876
1.3848
1.3828
1.3894
1.3832
1.3838
1.3876
1.3832
1.3844
1.3884
1.3842
1.3828
1.3888
1.3838
1.3836
1.3882
1.384
1.3832
1.3888
1.3834
1.3838
1.3884
1.3832
1.3836
1.389
1.383
1.3843
1.3875
1.3844
1.3834
1.3892
1.3833
1.3841
1.3834
1.3876
1.3844
1.3839
1.3875
1.3844
1.3836
1.3882
1.3832
1.3838
1.3888
1.3834
1.3843
1.3875
1.3844
1.3838
1.3874
1.384
1.3834
1.3894
1.3826
1.3844
1.3876
1.384
1.3842
1.388
1.3844
1.3832
1.384
1.3885
1.3839
1.3838
1.3884
1.383
1.3838
1.3882
1.3844
1.3838
1.3882
1.3834
1.3834
1.3892
1.3828
1.3842
1.3882
1.3836
1.3836
1.3882
1.3844
1.383
1.3892
1.3832
1.3845
1.3882
1.3833
1.3842
1.3876
1.3844
1.3832
1.386
1.3866
1.3842
1.3833
1.3882
1.3837
1.3838
1.3882
1.3832
1.3838
1.3884
1.384
1.3838
1.3876
1.3843
1.3831
1.3882
1.384
1.3843
1.3875
1.384
1.3834
1.3882
1.3848
1.3826
1.3889
1.3837
1.384
1.3884
1.383
1.3843
1.3875
1.3844
1.3832
1.386
1.3867
1.3831
1.384
1.3878
1.3836
1.3849
1.3875
1.3848
1.3828
1.3888
1.3838
1.3832
1.3887
1.3839
1.383
1.3892
1.3831
1.3841
1.388
1.384
1.3842
1.3876
1.3838
1.3834
1.3882
1.3844
1.3836
1.3882
1.3839
1.3839
1.3884
1.3828
1.3842
1.3832
1.3882
1.3844
1.384
1.3874
1.3844
1.3832
1.3884
1.3844
1.3834
1.3885
1.3833
1.3832
1.389
1.3832
1.3843
1.3875
1.3844
1.3832
1.3888
1.3839
1.3841
1.3882
1.3832
1.383
1.3882
1.3844
1.3839
1.3882
1.3829
1.3842
1.3882
1.3843
1.3841
1.3828
1.389
1.383
1.3845
1.3875
1.3846
1.383
1.3882
1.3843
1.3839
1.3876
1.384
1.383
1.3894
1.3826
1.3842
1.3886
1.3832
1.3843
1.3875
1.3844
1.3838
1.3888
1.3826
1.3838
1.3889
1.3829
1.3846
1.3878
1.3832
1.3844
1.3832
1.3888
1.383
1.385
1.3882
1.383
1.3842
1.3882
1.3842
1.3826
1.389
1.3838
1.3838
1.3884
1.3838
1.383
1.3889
1.3829
1.3846
1.3878
1.3844
1.3832
1.388
1.384
1.384
1.3874
1.3845
1.3839
1.388
1.3832
1.384
1.3876
1.384
1.384
1.389
1.3826
1.385
1.3826
1.3882
1.3844
1.3844
1.3876
1.3843
1.3829
1.389
1.3838
1.3826
1.3894
1.3826
1.3844
1.3882
1.3844
1.3836
1.3878
1.3832
1.3844
1.3888
1.3833
1.3839
1.3882
1.383
1.3843
1.3843
1.3878
1.3842
1.3826
1.3894
1.3832
1.3838
1.3882
1.383
1.384
1.3882
1.3838
1.3844
1.3876
1.384
1.3842
1.3886
1.3834
1.3842
1.3882
1.3826
1.3844
1.3882
1.3834
1.3842
1.3882
1.3842
1.383
1.3842
1.3874
1.3851
1.3829
1.389
1.3836
1.3834
1.3882
1.3836
1.3844
1.3882
1.3832
1.3844
1.388
1.384
1.3842
1.3876
1.3842
1.3834
1.389
1.383
1.3843
1.3882
1.3837
1.383
1.3858
1.3868
1.3834
1.3834
1.3888
1.3844
1.3832
1.3882
1.3843
1.3829
1.389
1.3836
1.3842
1.3882
1.3833
1.3839
1.3882
1.383
1.3844
1.3876
1.384
1.3834
1.389
1.3836
1.3834
1.3882
1.3836
1.3846
1.3882
1.3839
1.3831
1.3888
1.384
1.383
1.3894
1.3826
1.3838
1.3838
1.3888
1.383
1.384
1.3882
1.3844
1.3836
1.3884
1.3832
1.3836
1.3882
1.3844
1.3834
1.3885
1.3841
1.383
1.3892
1.3826
1.3844
1.3882
1.3838
1.383
1.3844
1.3876
1.3846
1.3836
1.3882
1.3839
1.3831
1.3892
1.3836
1.3832
1.3884
1.3836
1.3844
1.3882
1.3834
1.3842
1.3877
1.3839
1.3838
1.3882
1.3832
1.3838
1.3887
1.3829
1.384
1.3886
1.384
1.3842
1.3882
1.3828
1.3836
1.3845
1.3875
1.385
1.3826
1.3882
1.3844
1.384
1.388
1.3832
1.3843
1.3875
1.3846
1.3842
1.3876
1.3844
1.383
1.3888
1.3834
1.383
1.3894
1.3834
1.3834
1.3886
1.3836
1.3832
1.3844
1.3882
1.3838
1.3844
1.3876
1.3838
1.3838
1.3878
1.384
1.3845
1.3875
1.3844
1.3152
1.1052
1.1052
1.1054
1.1268
1.1668
1.1666
1.1666
1.1668
1.1666
1.1666
1.1668
1.1666
1.1666
1.1668
1.1666
1.1666
1.1668
1.1666
1.1666
1.1668
1.1666
1.1666
1.1668
1.1666
1.1666
1.1668
1.1666
1.1666
1.1668
1.1666
1.1666
1.1668
1.1666
1.1666
1.1668
1.1666
1.1666
1.1668
1.1666
1.1666
1.1668
1.1666
1.1666
1.1668
1.1666
1.1666
1.1668
1.1666
1.1666
1.1668
1.1666
1.1666
1.1668
1.1666
1.1666
1.1668
1.1666
1.1666
1.1668
1.1666
1.1666
1.1668
1.1666
1.1666
1.1668
1.1666
1.1666
1.1668
1.1666
1.1666
1.1668
1.1666
1.1666
1.1668
1.1666
1.1666
1.1668
1.1666
1.1666
1.1668
1.1666
1.1666
1.1668
1.1666
1.1666
1.1668
1.1666
1.1666
1.1668
1.1666
1.1666
1.1668
1.1666
1.1666
1.1668
1.1666
1.1666
1.1668
1.1666
1.1666
1.1668
1.1666
1.1666
1.1668
1.1666
1.1666
1.1668
1.1666
1.1666
1.1668
1.1666
1.1666
1.1668
