835
833
833
834
833
833
834
833
833
834
833
833
834
833
833
834
833
833
834
833
833
834
833
833
834
833
833
834
833
833
834
833
833
834
833
833
834
833
833
834
833
833
834
833
833
834
833
833
834
833
833
834
833
833
834
833
833
834
833
833
834
833
833
834
833
833
834
833
833
834
833
833
834
833
833
834
833
833
834
833
833
834
833
833
834
833
833
834
833
833
834
833
833
834
833
833
834
833
833
834
833
833
834
833
833
834
833
833
834
833
833
834
833
833
834
833
833
834
833
833
834
833
833
834
833
833
834
809
713
715
715
599
532
533
530
532
533
531
531
532
531
544
529
531
530
529
532
530
529
531
530
533
535
528
531
533
530
532
529
534
528
537
529
529
537
532
531
537
536
531
532
532
531
531
529
530
529
534
528
532
532
530
532
529
530
531
533
527
531
533
530
535
533
529
533
535
531
531
545
529
530
529
531
530
529
531
527
532
531
535
531
536
528
531
529
530
528
533
530
531
529
531
529
530
530
528
533
531
529
533
533
529
530
530
528
543
530
531
532
532
535
528
533
530
536
529
532
534
533
530
528
532
528
530
529
531
531
531
529
530
531
529
530
528
532
531
532
532
529
529
529
534
544
530
532
530
529
533
532
529
531
531
532
528
534
534
544
532
532
528
530
538
527
530
532
540
528
531
543
530
541
532
527
531
529
534
537
532
531
530
538
537
534
533
528
530
531
529
530
529
531
530
529
530
537
531
534
530
535
531
528
531
533
532
530
529
531
530
529
532
533
530
536
529
530
532
530
529
531
529
533
529
530
530
530
530
532
529
530
530
536
533
528
533
532
530
531
534
530
537
528
535
532
531
530
533
532
530
532
529
530
531
533
529
533
529
535
536
529
531
530
534
534
537
533
549
531
529
531
529
544
535
530
529
534
532
529
534
532
529
532
530
531
532
530
528
532
529
533
529
531
548
529
534
528
569
532
530
542
527
540
536
535
528
533
532
539
531
541
537
532
528
530
529
531
529
530
530
532
531
532
528
534
530
530
535
530
530
528
533
530
532
531
533
529
530
530
528
542
532
539
529
531
530
529
532
534
529
533
532
531
531
536
535
534
530
536
533
530
528
532
528
530
529
531
531
533
540
531
533
533
546
531
532
538
533
533
529
530
528
534
530
533
527
534
533
535
529
533
530
532
537
537
534
538
529
529
533
531
529
530
536
531
533
542
529
536
534
537
534
531
529
530
530
532
530
533
532
536
529
535
533
530
531
531
529
534
528
531
529
530
532
535
531
529
531
527
532
532
544
533
532
535
533
548
528
534
529
530
532
533
530
536
529
530
532
542
530
528
531
533
540
529
539
530
530
530
532
529
534
528
533
541
530
533
531
543
533
529
539
532
530
528
531
538
530
530
530
531
531
533
529
536
530
537
530
529
531
535
537
532
529
530
530
528
535
529
535
536
529
535
537
532
530
532
529
530
532
533
530
531
533
527
531
537
536
544
532
533
530
539
529
535
537
528
534
529
531
544
529
530
528
532
532
544
538
532
530
531
529
531
536
536
530
528
532
529
529
531
535
529
529
531
530
533
528
535
532
532
530
534
534
528
533
531
529
530
531
529
529
529
534
528
533
530
536
533
535
530
530
531
534
534
534
529
533
529
530
533
532
530
533
528
530
531
529
533
529
531
528
531
529
530
530
533
532
530
529
531
527
532
528
534
537
531
529
533
534
530
531
529
530
541
536
531
531
533
529
529
531
528
541
541
534
528
533
531
530
538
536
531
531
529
530
533
532
533
533
535
532
532
532
530
540
529
532
530
529
530
532
533
534
528
532
528
530
533
530
528
531
529
530
531
529
530
533
528
530
530
530
539
528
533
533
529
533
534
532
529
539
530
533
533
527
540
536
528
533
531
531
531
529
530
529
534
529
533
529
535
530
530
533
529
533
530
528
532
531
530
530
531
529
530
528
530
531
533
531
529
535
531
537
528
530
530
538
530
528
532
531
531
529
530
530
530
530
528
526
526
527
634
834
833
833
834
833
833
834
833
833
834
833
833
834
833
833
834
833
833
834
833
833
834
833
833
834
833
833
834
833
833
834
833
833
834
833
833
834
833
833
834
833
833
834
833
833
834
833
833
834
833
833
834
833
833
834
833
833
834
833
833
834
833
833
834
833
833
834
833
833
834
833
833
834
833
833
834
833
833
834
833
833
834
833
833
834
833
833
834
833
833
834
833
833
834
833
833
834
833
833
834
833
833
834
833
833
834
833
833
834
