13339
13333
13332
13335
13333
13332
13335
13333
13332
13335
13333
13332
13335
13333
13332
13335
13333
13332
13335
13333
13332
13335
13333
13332
13335
13333
13332
13335
13333
13332
13335
13333
13332
13335
13333
13332
13335
13333
13332
13335
13333
13332
13335
13333
13332
13335
13333
13332
13335
13333
13332
13335
13333
13332
13335
13333
13332
13335
13333
13332
13335
13333
13332
13335
13333
13332
13335
13333
13332
13335
13333
13332
13335
13333
13332
13335
13333
13332
13335
13333
13332
13335
13333
13332
13335
13333
13332
13335
13333
13332
13335
13333
13332
13335
13333
13332
13335
13333
13332
13335
13333
13332
13335
13333
13332
13335
13333
13332
13335
13333
13332
13335
13333
13332
13335
13333
13332
13335
13333
13332
13335
13333
13332
13335
13333
13332
13335
13527
14289
14273
14289
15326
15953
16011
15939
15953
16020
15935
15959
16010
15941
15947
16027
15935
15958
16006
15953
15941
16026
15936
15958
16011
15951
15953
15937
16011
15958
15941
16025
15944
15948
16005
15957
15939
16014
15944
15962
15995
15952
15959
16010
15942
15951
16017
15939
15951
16019
15952
15953
16006
15942
15958
15942
16010
15953
15956
16011
15953
15936
16011
15958
15951
16011
15939
15957
16001
15956
15948
16012
15939
15951
16019
15943
15957
16001
15961
15954
16005
15948
15946
15954
16017
15945
15948
16008
15951
15957
16011
15942
15951
16006
15956
15956
16002
15957
15949
16011
15945
15953
16011
15946
15957
16001
15957
15951
15972
15983
15948
15952
16010
15949
15944
16023
15940
15945
16019
15949
15943
16010
15957
15949
16014
15941
15948
16021
15941
15951
16017
15952
15940
16024
15935
15958
15950
16012
15938
15966
16006
15954
15935
16027
15944
15947
16005
15944
15956
16013
15954
15940
16021
15940
15964
16006
15951
15948
16010
15948
15950
16006
15951
15940
15999
15976
15940
15953
16009
15949
15944
16018
15940
15954
16012
15954
15935
16025
15944
15935
16024
15942
15958
16002
15953
15948
16011
15956
15940
16019
15938
15956
16013
15948
15958
16000
15961
15940
15951
16012
15940
15959
16017
15953
15937
16011
15941
15958
16011
15951
15958
16000
15952
15954
16005
15952
15957
16001
15949
15951
16019
15943
15956
15942
16007
15952
15960
16002
15958
15942
16017
15941
15957
16014
15949
15945
16011
15953
15939
16021
15952
15942
16012
15951
15947
16012
15951
15945
16011
15947
15953
15941
16026
15953
15941
16011
15957
15942
16008
15947
15946
16027
15935
15958
16012
15947
15946
16011
15953
15936
16021
15941
15957
15993
15959
15948
16021
15947
15943
16013
15954
15943
16019
15949
15942
15951
16008
15958
15956
16006
15953
15946
16003
15962
15934
16026
15943
15950
15997
15942
15958
16012
15953
15937
16018
15948
15949
16011
15950
15941
16019
15943
15950
16014
15941
15948
16021
15941
15957
16001
15957
15945
16024
15945
15953
15943
16005
15958
15950
16002
15958
15948
16011
15941
15949
16019
15946
15957
16001
15957
15951
15999
15953
15942
16026
15936
15958
16003
15952
15955
16008
15957
15943
15951
16017
15949
15948
16013
15940
15950
16010
15958
15950
16012
15944
15945
16025
15937
15955
16011
15946
15945
16011
15957
15937
16024
15943
15957
16011
15943
15954
16005
15956
15943
15979
15990
15954
15944
16011
15946
15952
16011
15941
15949
16014
15951
15950
16002
15957
15939
16011
15954
15957
16001
15952
15944
16011
15960
15935
16021
15947
15950
16013
15941
15957
16001
15957
15943
15978
15993
15939
15952
16006
15946
15965
16001
15963
15937
16019
15950
15941
16019
15951
15939
16025
15942
15951
16008
15954
15954
16005
15948
15943
16011
15958
15945
16011
15949
15950
16013
15938
15956
15941
16011
15958
15952
16000
15959
15941
16012
15958
15944
16017
15942
15940
16021
15941
15958
16001
15957
15943
16019
15952
15953
16011
15939
15940
16011
15959
15948
16011
15938
15954
16010
15958
15953
15937
16020
15939
15960
16002
15959
15941
16011
15957
15948
16005
15951
15939
16027
15935
15954
16016
15942
15957
16001
15957
15951
16018
15935
15949
16020
15938
15960
16005
15941
15958
15942
16019
15939
15966
16011
15939
15956
16011
15953
15936
16021
15948
15948
16014
15947
15940
16020
15938
15960
16005
15956
15943
16008
15954
15950
16000
15960
15950
16010
15942
15950
16001
15952
15953
16021
15935
15964
15934
16011
15958
15957
16005
15956
15938
16021
15949
15935
16026
15936
15958
16011
15956
15948
16006
15942
15958
16017
15944
15950
16011
15941
15957
15955
16007
15954
15935
16026
15943
15950
16011
15939
15952
16011
15949
15957
16005
15951
15955
16016
15944
15954
16011
15935
15958
16011
15944
15956
16011
15955
15939
15956
16000
15967
15938
16021
15949
15945
16010
15948
15957
16011
15942
15958
16008
15954
15954
16005
15955
15944
16019
15941
15957
16011
15947
15939
15975
15994
15945
15943
16018
15957
15943
16011
15956
15938
16021
15949
15951
16010
15944
15950
16011
15940
15959
16001
15952
15944
16021
15948
15945
16011
15947
15959
16011
15952
15939
16018
15952
15940
16025
15935
15949
15951
16019
15939
15952
16011
15958
15948
16014
15941
15948
16011
15957
15945
16017
15952
15940
16024
15935
15958
16011
15950
15939
15958
16004
15959
15948
16011
15951
15939
16024
15948
15942
16013
15947
15956
16011
15946
15953
16006
15949
15950
16011
15943
15948
16019
15938
15953
16017
15952
15953
16011
15938
15946
15960
16002
15964
15935
16011
15959
15951
16010
15941
15958
16001
15961
15954
16005
15956
15940
16019
15946
15938
16027
15945
15944
16016
15948
15941
15957
16010
15951
15957
16005
15948
15951
16006
15953
15959
16002
15957
15068
12367
12368
12370
12709
13335
13333
13332
13335
13333
13332
13335
13333
13332
13335
13333
13332
13335
13333
13332
13335
13333
13332
13335
13333
13332
13335
13333
13332
13335
13333
13332
13335
13333
13332
13335
13333
13332
13335
13333
13332
13335
13333
13332
13335
13333
13332
13335
13333
13332
13335
13333
13332
13335
13333
13332
13335
13333
13332
13335
13333
13332
13335
13333
13332
13335
13333
13332
13335
13333
13332
13335
13333
13332
13335
13333
13332
13335
13333
13332
13335
13333
13332
13335
13333
13332
13335
13333
13332
13335
13333
13332
13335
13333
13332
13335
13333
13332
13335
13333
13332
13335
13333
13332
13335
13333
13332
13335
13333
13332
13335
13333
13332
13335
