5002
5000
5001
4999
5000
5001
4999
5000
5001
4999
5000
5001
4999
5000
5001
4999
5000
5001
4999
5000
5001
4999
5000
5001
4999
5000
5001
4999
5000
5001
4999
5000
5001
4999
5000
5001
4999
5000
5001
4999
5000
5001
4999
5000
5001
4999
5000
5001
4999
5000
5001
4999
5000
5001
4999
5000
5001
4999
5000
5001
4999
5000
5001
4999
5000
5001
4999
5000
5001
4999
5000
5001
4999
5000
5001
4999
5000
5001
4999
5000
5001
4999
5000
5001
4999
5000
5001
4999
5000
5001
4999
5000
5001
4999
5000
5001
4999
5000
5001
4999
5000
5001
4999
5000
5001
4999
5000
5001
4999
5000
5001
4999
5000
5001
4999
5000
5001
4999
5000
5001
4999
5000
5001
4999
5000
5001
4999
5122
5572
5567
5570
6088
6387
6408
6386
6387
6410
6381
6396
6405
6386
6375
6417
6381
6393
6413
6387
6384
6418
6380
6394
6408
6387
6392
6380
6408
6395
6381
6420
6381
6392
6400
6395
6388
6399
6388
6392
6399
6382
6396
6405
6384
6392
6411
6388
6382
6421
6385
6392
6406
6382
6395
6383
6415
6389
6389
6408
6392
6380
6408
6395
6386
6408
6388
6386
6404
6389
6390
6395
6388
6384
6419
6383
6392
6406
6394
6393
6407
6391
6383
6386
6408
6391
6385
6414
6384
6395
6408
6390
6383
6414
6388
6394
6404
6394
6391
6408
6385
6393
6408
6382
6395
6405
6394
6392
6380
6403
6391
6387
6405
6385
6391
6410
6389
6376
6419
6384
6383
6404
6396
6391
6410
6390
6382
6421
6381
6392
6411
6392
6383
6415
6383
6393
6393
6407
6384
6394
6406
6392
6384
6417
6385
6375
6404
6388
6391
6415
6387
6379
6421
6379
6396
6407
6394
6382
6409
6374
6386
6407
6394
6383
6395
6405
6389
6387
6399
6391
6381
6405
6389
6379
6407
6393
6381
6420
6381
6378
6416
6382
6393
6398
6388
6381
6408
6394
6389
6411
6384
6391
6415
6385
6392
6404
6398
6381
6384
6411
6383
6390
6411
6392
6380
6408
6386
6388
6419
6383
6395
6407
6391
6386
6404
6386
6395
6405
6391
6384
6419
6383
6394
6377
6417
6388
6394
6404
6393
6384
6416
6384
6394
6413
6378
6391
6408
6387
6386
6412
6385
6390
6401
6394
6383
6407
6391
6383
6408
6390
6387
6384
6418
6393
6381
6408
6395
6382
6414
6382
6380
6417
6381
6393
6411
6382
6383
6408
6370
6380
6421
6381
6395
6390
6391
6382
6421
6382
6384
6415
6386
6381
6419
6384
6390
6384
6406
6395
6393
6407
6393
6383
6409
6392
6366
6418
6383
6393
6367
6380
6396
6401
6392
6372
6411
6384
6391
6408
6386
6381
6411
6375
6383
6410
6390
6382
6421
6381
6395
6405
6394
6384
6415
6386
6392
6382
6406
6395
6385
6404
6393
6392
6408
6384
6391
6411
6382
6395
6405
6394
6392
6395
6387
6376
6418
6380
6395
6409
6390
6385
6414
6386
6383
6392
6411
6382
6384
6410
6383
6383
6404
6396
6393
6407
6391
6383
6420
6380
6393
6408
6377
6390
6408
6386
6369
6415
6384
6386
6408
6381
6393
6407
6394
6383
6396
6404
6393
6385
6408
6383
6390
6408
6384
6391
6402
6385
6384
6398
6395
6388
6408
6385
6395
6405
6385
6388
6408
6380
6383
6411
6384
6382
6410
6381
6395
6405
6394
6381
6394
6410
6380
6385
6413
6381
6393
6405
6395
6380
6419
6384
6390
6411
6391
6383
6415
6386
6383
6414
6386
6393
6407
6390
6367
6408
6394
6384
6408
6371
6392
6407
6384
6391
6382
6408
6392
6387
6407
6392
6381
6400
6395
6391
6411
6383
6372
6421
6375
6393
6405
6394
6381
6419
6385
6392
6408
6376
6383
6408
6391
6378
6408
6386
6379
6410
6393
6392
6380
6411
6383
6394
6404
6396
6381
6408
6395
6383
6404
6388
6383
6417
6381
6390
6403
6384
6395
6405
6394
6392
6407
6383
6383
6412
6386
6387
6400
6384
6393
6382
6419
6383
6394
6408
6386
6389
6408
6392
6380
6410
6386
6374
6410
6384
6389
6404
6386
6387
6400
6394
6383
6414
6386
6377
6407
6394
6392
6405
6384
6377
6400
6391
6389
6412
6384
6393
6381
6400
6392
6395
6407
6394
6386
6412
6384
6383
6418
6380
6394
6408
6394
6385
6406
6382
6394
6409
6385
6392
6408
6381
6395
6388
6409
6393
6383
6418
6383
6393
6408
6383
6382
6408
6383
6395
6407
6392
6385
6410
6381
6393
6408
6383
6390
6408
6388
6391
6408
6394
6386
6389
6407
6394
6386
6412
6391
6385
6415
6382
6395
6408
6383
6393
6414
6386
6393
6407
6394
6381
6411
6381
6395
6408
6384
6386
6391
6412
6383
6375
6411
6393
6383
6408
6394
6386
6412
6391
6378
6400
6385
6392
6408
6382
6392
6399
6385
6388
6412
6391
6383
6408
6390
6388
6408
6386
6380
6417
6387
6383
6407
6383
6391
6384
6419
6383
6391
6408
6384
6392
6410
6390
6382
6408
6395
6391
6411
6392
6383
6415
6383
6393
6408
6393
6383
6387
6411
6385
6392
6408
6387
6388
6412
6382
6384
6415
6377
6392
6408
6385
6392
6401
6382
6393
6408
6383
6391
6411
6386
6387
6416
6385
6393
6408
6384
6383
6394
6404
6394
6384
6408
6392
6394
6405
6386
6393
6405
6392
6393
6407
6394
6389
6411
6383
6384
6417
6383
6388
6403
6392
6384
6394
6405
6384
6395
6407
6391
6384
6413
6387
6395
6404
6394
6045
4999
5003
4997
4997
4999
4999
5002
4999
4999
5002
4999
4999
5002
4999
4999
5002
4999
4999
5002
4999
4999
5002
4999
4999
5002
4999
4999
5002
4999
4999
5002
4999
4999
5002
4999
4999
5002
4999
4999
5002
4999
4999
5002
4999
4999
5002
4999
4999
5002
4999
4999
5002
4999
4999
5002
4999
4999
5002
4999
4999
5002
4999
4999
5002
4999
4999
5002
4999
4999
5002
4999
4999
5002
4999
4999
5002
4999
4999
5002
4999
4999
5002
4999
4999
5002
4999
4999
5002
4999
4999
5002
4999
4999
5002
4999
4999
5002
4999
4999
5002
4999
4999
5002
4999
4999
5002
4999
4999
5002
4999
4999
5002
4999
