5833
5833
5832
5835
5833
5832
5835
5833
5832
5835
5833
5832
5835
5833
5832
5835
5833
5832
5835
5833
5832
5835
5833
5832
5835
5833
5832
5835
5833
5832
5835
5833
5832
5835
5833
5832
5835
5833
5832
5835
5833
5832
5835
5833
5832
5835
5833
5832
5835
5833
5832
5835
5833
5832
5835
5833
5832
5835
5833
5832
5835
5833
5832
5835
5833
5832
5835
5833
5832
5835
5833
5832
5835
5833
5832
5835
5833
5832
5835
5833
5832
5835
5833
5832
5835
5833
5832
5835
5833
5832
5835
5833
5832
5835
5833
5832
5835
5833
5832
5835
5833
5832
5835
5833
5832
5835
5833
5832
5835
5833
5832
5835
5833
5832
5835
5833
5832
5835
5833
5832
5835
5833
5832
5835
5833
5832
5835
5919
6287
6282
6289
6672
6921
6941
6914
6921
6946
6916
6918
6944
6914
6920
6946
6916
6921
6935
6921
6919
6945
6917
6920
6941
6917
6920
6918
6941
6919
6919
6942
6920
6915
6942
6919
6913
6949
6913
6924
6936
6922
6918
6944
6916
6916
6944
6913
6927
6937
6921
6920
6941
6918
6919
6917
6937
6921
6923
6941
6921
6917
6941
6919
6918
6941
6913
6926
6934
6923
6916
6944
6913
6925
6939
6919
6922
6939
6921
6920
6939
6915
6918
6924
6944
6914
6921
6936
6925
6919
6941
6913
6925
6934
6924
6920
6941
6920
6916
6941
6919
6920
6941
6919
6919
6940
6920
6917
6934
6927
6915
6921
6944
6918
6914
6948
6912
6923
6939
6921
6917
6945
6918
6916
6943
6913
6925
6939
6919
6916
6944
6919
6917
6947
6914
6921
6916
6944
6915
6923
6941
6921
6913
6946
6916
6920
6942
6913
6922
6939
6922
6920
6939
6921
6921
6939
6917
6921
6938
6920
6921
6939
6917
6917
6942
6924
6912
6921
6944
6916
6923
6940
6912
6922
6944
6920
6916
6942
6920
6912
6944
6920
6921
6940
6916
6922
6941
6920
6912
6947
6914
6922
6939
6921
6922
6941
6917
6914
6924
6938
6917
6921
6944
6920
6918
6941
6914
6926
6933
6925
6919
6938
6916
6924
6942
6918
6919
6940
6914
6925
6939
6919
6920
6923
6931
6923
6921
6941
6921
6916
6940
6919
6920
6934
6928
6914
6941
6921
6914
6948
6919
6913
6945
6917
6918
6944
6917
6922
6941
6913
6924
6916
6945
6918
6919
6941
6919
6918
6936
6919
6921
6946
6916
6921
6938
6921
6915
6941
6924
6917
6939
6919
6919
6937
6919
6925
6939
6921
6916
6939
6923
6919
6939
6921
6913
6924
6942
6919
6921
6939
6920
6918
6937
6924
6916
6945
6917
6916
6941
6920
6918
6941
6921
6918
6941
6919
6916
6941
6921
6913
6947
6918
6917
6943
6913
6925
6939
6919
6919
6940
6920
6917
6947
6915
6920
6919
6940
6919
6919
6941
6921
6915
6941
6919
6914
6947
6919
6919
6940
6920
6917
6937
6921
6920
6945
6917
6919
6937
6918
6924
6936
6926
6917
6916
6944
6921
6919
6939
6917
6920
6945
6918
6916
6944
6914
6922
6942
6918
6917
6941
6920
6914
6941
6926
6914
6947
6916
6921
6941
6919
6920
6939
6920
6917
6934
6929
6920
6916
6941
6919
6918
6941
6919
6914
6946
6917
6921
6940
6919
6913
6941
6925
6919
6940
6919
6914
6941
6927
6914
6942
6918
6922
6939
6919
6919
6940
6920
6919
6936
6924
6919
6919
6935
6920
6924
6940
6921
6918
6939
6921
6913
6946
6918
6918
6944
6910
6928
6936
6924
6920
6939
6915
6924
6941
6917
6917
6941
6921
6918
6944
6914
6922
6918
6941
6922
6917
6938
6922
6919
6942
6919
6914
6944
6917
6920
6939
6918
6921
6940
6920
6919
6939
6921
6920
6941
6915
6917
6941
6923
6918
6941
6913
6925
6939
6921
6920
6918
6940
6918
6921
6941
6918
6919
6941
6919
6920
6942
6914
6918
6946
6916
6916
6947
6916
6919
6940
6920
6917
6947
6914
6920
6941
6913
6924
6942
6916
6921
6918
6939
6918
6923
6941
6914
6923
6941
6921
6917
6943
6915
6920
6943
6919
6912
6947
6913
6924
6942
6920
6917
6936
6924
6919
6938
6921
6918
6944
6916
6919
6938
6916
6921
6948
6913
6924
6910
6947
6922
6919
6939
6920
6913
6948
6919
6914
6945
6917
6920
6941
6920
6917
6941
6918
6920
6943
6916
6918
6941
6919
6919
6925
6938
6920
6914
6945
6917
6916
6941
6918
6922
6941
6920
6919
6939
6916
6924
6941
6920
6920
6941
6914
6924
6941
6913
6922
6941
6919
6914
6923
6938
6924
6913
6948
6916
6919
6937
6925
6919
6941
6917
6921
6936
6924
6920
6939
6919
6920
6941
6919
6919
6941
6918
6914
6937
6926
6922
6918
6941
6919
6919
6941
6920
6913
6948
6916
6922
6941
6916
6918
6941
6918
6922
6939
6919
6914
6948
6915
6922
6941
6913
6926
6941
6918
6919
6938
6921
6917
6948
6914
6914
6925
6939
6918
6916
6941
6927
6915
6943
6913
6925
6941
6919
6914
6944
6919
6917
6947
6914
6921
6941
6916
6918
6927
6935
6922
6915
6941
6920
6913
6947
6921
6916
6939
6921
6922
6941
6916
6921
6938
6921
6916
6941
6919
6915
6946
6913
6924
6940
6922
6920
6941
6914
6919
6921
6941
6923
6913
6941
6922
6917
6944
6914
6921
6940
6923
6920
6939
6920
6912
6947
6918
6915
6946
6918
6914
6947
6915
6919
6920
6938
6925
6919
6939
6915
6924
6935
6924
6920
6941
6920
6579
5527
5523
5530
5637
5835
5834
5831
5835
5834
5831
5835
5834
5831
5835
5834
5831
5835
5834
5831
5835
5834
5831
5835
5834
5831
5835
5834
5831
5835
5834
5831
5835
5834
5831
5835
5834
5831
5835
5834
5831
5835
5834
5831
5835
5834
5831
5835
5834
5831
5835
5834
5831
5835
5834
5831
5835
5834
5831
5835
5834
5831
5835
5834
5831
5835
5834
5831
5835
5834
5831
5835
5834
5831
5835
5834
5831
5835
5834
5831
5835
5834
5831
5835
5834
5831
5835
5834
5831
5835
5834
5831
5835
5834
5831
5835
5834
5831
5835
5834
5831
5835
5834
5831
5835
5834
5831
5835
5834
5831
5835
5834
5831
5835
