1883
1893
1889
1635
1417
1409
1414
1410
1412
1416
3414
4038
3862
4038
3862
4038
3862
3864
3866
4024
3876
4024
3876
4024
3876
3834
3895
4005
3895
4005
3895
4005
3895
3814
3920
3980
3920
3980
3920
3980
3920
3786
3944
3956
3944
3956
3944
3956
3944
3763
3965
3935
3965
3935
3965
3935
3965
3743
3987
3913
3987
3913
3987
3913
3866
3840
4005
3895
4005
3895
4005
3895
3827
3883
4017
3883
4017
3883
4017
3883
3837
3869
4031
3869
4031
3869
4031
3869
3850
3862
4038
3862
4038
3862
4038
3862
3854
3876
4024
3876
4024
3876
4024
3876
3834
3895
4005
3895
4005
3895
4005
3870
3839
3920
3980
3920
3980
3920
3980
3750
3956
3944
3956
3944
3956
3944
3956
3772
3935
3965
3935
3965
3935
3965
3935
3795
3913
3987
3913
3987
3913
3987
3913
3811
3895
4005
3895
4005
3895
4005
3895
3827
3883
4017
3883
4017
3883
4017
3883
3837
3869
4031
3869
4031
3869
4031
3681
4038
3862
4038
3862
4038
3862
4038
3692
4024
3876
4024
3876
4024
3876
4024
3705
4005
3895
4005
3895
4005
3895
4005
3729
3980
3920
3980
3920
3980
3920
3980
3750
3956
3944
3956
3944
3956
3944
3956
3772
3935
3965
3935
3965
3935
3965
3743
3987
3913
3987
3913
3987
3913
3987
3719
4005
3895
4005
3895
4005
3895
4005
3705
4017
3883
4017
3883
4017
3883
4017
3689
4031
3869
4031
3869
4031
3869
4031
3681
4038
3862
4038
3862
4038
3862
4038
3692
4024
3876
4024
3876
4024
3876
3834
3895
4005
3895
4005
3895
4005
3895
3814
3920
3980
3920
3980
3920
3980
3920
3786
3944
3956
3944
3956
3944
3956
3944
3763
3965
3935
3965
3935
3965
3935
3965
3743
3987
3913
3987
3913
3987
3913
3987
3719
4005
3895
4005
3895
4005
3895
3827
3883
4017
3883
4017
3883
4017
3883
3837
3869
4031
3869
4031
3869
4031
3869
3850
3862
4038
3862
4038
3862
4038
3862
3854
3876
4024
3876
4024
3876
4024
3876
3834
3895
4005
3895
4005
3895
4005
3895
3814
3920
3980
3920
3980
3920
3980
3750
3956
3944
3956
3944
3956
3944
3956
3772
3935
3965
3935
3965
3935
3965
3935
3795
3913
3987
3913
3987
3913
3987
3913
3811
3895
4005
3895
4005
3895
4005
3895
3827
3883
4017
3883
4017
3883
4017
3883
3837
3869
4031
3869
4031
3869
4031
3681
4038
3862
4038
3862
4038
3862
4038
3692
4024
3876
4024
3876
4024
3876
4024
3705
4005
3895
4005
3895
4005
3895
4005
3729
3980
3920
3980
3920
3980
3920
3980
3750
3956
3944
3956
3944
3956
3944
3956
3772
3935
3965
3935
3965
3935
3965
3747
3983
3913
3987
3913
3987
3913
3987
3719
4005
3895
4005
3895
4005
3895
4005
3705
4017
3883
4017
3883
4017
3883
4017
3689
4031
3869
4031
3869
4031
3869
4031
3681
4038
3862
4038
3862
4038
3862
4038
3692
4024
3876
4024
3876
4024
3876
3842
3887
4005
3895
4005
3895
4005
3895
3814
3920
3980
3920
3980
3920
3980
3920
3786
3944
3956
3944
3956
3944
3956
3944
1861
1
1
1
1
1
1
1
1
1
1
1
1
1
1
1
1
1
1
1
1
1
1
1
1
1
1
1
1
1
1
1
1
1
1
1
1
1
1
1
1
1
1
1
1
1
1
1
1
1
1
1
1
1
1
1
1
1
1
1
1
1
1
1
1
1
1
1
1
1
1
1
1
1
1
1
1
1
1
1
1
1
1
1
1
1
1
1
1
1
1
1
1
1
1
1
1
1
1
1
1
1
1
1
1
1
1
1
1
1
1
1
1
1
1
1
1
1
1
1
1
1
1
1
1
1
1
1
1
1
1
1
1
1
1
1
1
1
1
1
1
1
1
1
1
1
1
1
1
1
1
1
1
1
1
1
1
1
1
1
1
1
1
1
1
1
1
1
1
1
1
1
1
1
1
1
1
1
1
1
1
1
1
1
1
1
1
1
1
1
1
1
1
1
1
1
1
1
1
1
1
1
1
1
1
1
1
1
1
1
1
1
1
1
1
1
1
1
1
1
1
1
1
1
1
1
1
1
1
1
1
1
1
1
1
1
1
1
1
1
1
1
1
1
1
1
1
1
1
1
1
1
1
1
1
1
1
1
1
1
1
1
1
1
1
1
1
1
1
1
1
1
1
1
1
1
1
1
1
1
1
1
1
1
1
1
1
1
1
1
1
1
1
1
1
1
1
1
1
1
1
1
1
1
1
1
1
1
1
1
1
1
1
1
1
1
1
1
1
1
1
1
1
1
1
1
1
1
1
1
1
1
1
1
1
1
1
1
1
1
1
1
1
1
1
1
1
1
1
1
1
1
1
1
1
1
1
1
1
1
1
1
1
1
1
1
1
1
1
1
1
1
1
1
1
1
1
1
1
1
1
1
1
1
1
1
1
1
1
1
1
1
1
1
1
1
1
1
1
1
1
1
1
1
1
1
1
1
1
1
1
1
1
1
1
1
1
1
1
1
1
1
1
1
1
1
1
1
1
1
1
1
1
1
1
1
1
1
1
1
1
1
1
1
1
1
1
1
1
1
1
1
1
1
1
1
1
1
1
1
1
1
1
1
1
1
1
1
1
1
1
1
1
1
1
1
1
1
1
1
1
1
1
1
1
1
1
1
1
1
1
1
1
1
1
1
1
1
1
1
1
1
1
1
1
1
1
1
1
1
1
1
1
1
1
1
1
1
1
1
1
1
1
1
1
1
1
1
1
1
1
1
1
1
1
1
1
1
1
1
1
1
1
1
1
1
1
1
1
1
1
1
1
1
1
1
1
1
1
1
1
1
1
1
1
1
1
1
1
1
1
1
1
1
1
1
1
1
1
1
1
1
1
1
1
1
1
1
1
1
1
1
1
1
1
1
1
1
1
1
1
1
1
1
1
1
1
1
1
1
1
1
1
1
1
1
1
1
1
1
1
1
1
1
1
1
1
1
1
1
1
1
1
1
1
1
1
1
1
1
1
1
1
1
1
1
1
1
1
1
1
1
1
1
1
1
1
1
1
1
1
1
1
1
1
1
1
1
1
1
1
1
1
1
1
1
1
1
1
1
1
1
1
1
1
1
1
1
1
1
1
1
1
1
1
1
1
1
1
1
1
1
1
1
1
1
1
1
1
1
1
1
1
1
1
1
1
1
1
1
1
1
1
1
1
1
1
1
1
1
1
1
1
1
1
1
1
1
1
1
1
1
1
1
1
1
1
1
1
1
1
1
1
1
1
1
1
1
1
1
1
1
1
1
1
1
1
1
1
1
1
1
1
1
1
1
1
1
1
1
1
1
1
1
1
1
1
1
1
1
1
1
1
1
1
1
1
1
1
1
1
1
1
1
1
1
1
1
1
1
1
1
1
1
1
1
1
1
1
1
1
1
1
1
1
1
1
1
1
1
1
1
1
1
1
1
1
1
1
1
1
1
1
1
1
1
1
1
1
1
1
1
1
1
1
1
1
1
1
1
1
1
1
1
1
1
1
1
1
1
1
1
1
1
1
1
1
1
1
1
1
1
1
1
1
1
1
1
1
1
1
1
1
1
1
1
1
1
1
1
1
1
1
1
1
1
1
1
1
1
1
1
1
1
1
1
1
1
1
1
1
1
1
1
1
1
1
1
1
1
1
1
1
1
1
1
1
1
1
1
1
1
1
1
1
1
1
1
1
1
1
1
1
1
1
1
1
1
1
1
1
1
1
1
1
1
1
1
1
1
1
1
1
1
1
1
1
1
1
1
1
1
1
1
1
1
1
1
1
1
1
1
1
1
1
1
1
1
1
1
1
1
1
1
1
1
1
1
1
1
1
1
1
1
1
1
1
1
1
1
1
1
1
1
1
1
1
1
1
1
1
1
1
1
1
1
1
1
1
1
1
1
1
1
1
1
1
1
1
1
1
1
1
1
1
1
1
1
1
1
1
1
1
1
1
1
1
1
1
1
1
1
1
1
1
1
1
1
1
1
1
1
1
1
1
1
1
1
1
1
1
1
1
1
1
1
1
1
1
1
1
1
1
1
1
1
1
1
1
1
1
1
1
1
1
1
1
1
1
1
1
1
1
1
1
1
1
1
1
1
1
1
1
1
1
1
1
1
1
1
1
1
1
1
1
1
1
1
1
1
1
1
1
1
1
1
1
1
1
1
1
1
1
1
1
1
1
1
1
1
1
1
1
1
1
1
1
1
1
1
1
1
1
1
1
1
1
1
1
1
1
1
1
1
1
1
1
1
1
1
1
1
1
1
1
1
1
1
1
1
1
1
1
1
1
1
1
1
1
1
1
1
1
1
1
1
1
1
1
1
1
1
1
1
1
1
1
1
1
1
1
1
1
1
1
1
1
1
1
1
1
1
1
1
1
1
1
1
1
1
1
1
1
1
1
1
1
1
1
1
1
1
1
1
1
1
1
1
1
1
1
1
1
1
1
1
1
1
1
1
1
1
1
1
1
1
1
1
1
1
1
1
1
1
1
1
1
1
1
1
1
1
1
1
1
1
1
1
1
1
1
1
1
1
1
1
1
1
1
1
1
1
1
1
1
1
1
1
1
1
1
1
1
1
1
1
1
1
1
1
1
1
1
1
1
1
1
1
1
1
1
1
1
1
1
1
1
1
1
1
1
1
1
1
1
1
1
1
1
1
1
1
1
1
1
1
1
1
1
1
1
1
1
1
1
1
1
1
1
1
1
1
1
1
1
1
1
1
1
1
1
1
1
1
1
1
1
1
1
1
1
1
1
1
1
1
1
1
1
1
1
1
1
1
1
1
1
1
1
1
1
1
1
1
1
1
1
1
1
1
1
1
1
1
1
1
1
1
1
1
1
1
1
1
1
1
1
1
1
1
1
1
1
1
1
1
1
1
1
1
1
1
1
1
1
1
1
1
1
1
1
1
1
1
1
1
1
1
1
1
1
1
1
1
1
1
1
1
1
1
1
1
1
1
1
1
1
1
1
1
1
1
1
1
1
1
1
1
1
1
1
1
1
1
1
1
1
1
1
1
1
1
1
1
1
1
1
1
1
1
1
1
1
1
1
1
1
1
1
1
1
1
1
1
1
1
1
1
1
1
1
1
1
1
1
1
1
1
1
1
1
