1.883
1.893
1.889
1.635
1.417
1.409
1.414
1.41
1.412
1.416
3.414
4.038
3.862
4.038
3.862
4.038
3.862
3.864
3.866
4.024
3.876
4.024
3.876
4.024
3.876
3.834
3.895
4.005
3.895
4.005
3.895
4.005
3.895
3.814
3.92
3.98
3.92
3.98
3.92
3.98
3.92
3.786
3.944
3.956
3.944
3.956
3.944
3.956
3.944
3.763
3.965
3.935
3.965
3.935
3.965
3.935
3.965
3.743
3.987
3.913
3.987
3.913
3.987
3.913
3.866
3.84
4.005
3.895
4.005
3.895
4.005
3.895
3.827
3.883
4.017
3.883
4.017
3.883
4.017
3.883
3.837
3.869
4.031
3.869
4.031
3.869
4.031
3.869
3.85
3.862
4.038
3.862
4.038
3.862
4.038
3.862
3.854
3.876
4.024
3.876
4.024
3.876
4.024
3.876
3.834
3.895
4.005
3.895
4.005
3.895
4.005
3.87
3.839
3.92
3.98
3.92
3.98
3.92
3.98
3.75
3.956
3.944
3.956
3.944
3.956
3.944
3.956
3.772
3.935
3.965
3.935
3.965
3.935
3.965
3.935
3.795
3.913
3.987
3.913
3.987
3.913
3.987
3.913
3.811
3.895
4.005
3.895
4.005
3.895
4.005
3.895
3.827
3.883
4.017
3.883
4.017
3.883
4.017
3.883
3.837
3.869
4.031
3.869
4.031
3.869
4.031
3.681
4.038
3.862
4.038
3.862
4.038
3.862
4.038
3.692
4.024
3.876
4.024
3.876
4.024
3.876
4.024
3.705
4.005
3.895
4.005
3.895
4.005
3.895
4.005
3.729
3.98
3.92
3.98
3.92
3.98
3.92
3.98
3.75
3.956
3.944
3.956
3.944
3.956
3.944
3.956
3.772
3.935
3.965
3.935
3.965
3.935
3.965
3.743
3.987
3.913
3.987
3.913
3.987
3.913
3.987
3.719
4.005
3.895
4.005
3.895
4.005
3.895
4.005
3.705
4.017
3.883
4.017
3.883
4.017
3.883
4.017
3.689
4.031
3.869
4.031
3.869
4.031
3.869
4.031
3.681
4.038
3.862
4.038
3.862
4.038
3.862
4.038
3.692
4.024
3.876
4.024
3.876
4.024
3.876
3.834
3.895
4.005
3.895
4.005
3.895
4.005
3.895
3.814
3.92
3.98
3.92
3.98
3.92
3.98
3.92
3.786
3.944
3.956
3.944
3.956
3.944
3.956
3.944
3.763
3.965
3.935
3.965
3.935
3.965
3.935
3.965
3.743
3.987
3.913
3.987
3.913
3.987
3.913
3.987
3.719
4.005
3.895
4.005
3.895
4.005
3.895
3.827
3.883
4.017
3.883
4.017
3.883
4.017
3.883
3.837
3.869
4.031
3.869
4.031
3.869
4.031
3.869
3.85
3.862
4.038
3.862
4.038
3.862
4.038
3.862
3.854
3.876
4.024
3.876
4.024
3.876
4.024
3.876
3.834
3.895
4.005
3.895
4.005
3.895
4.005
3.895
3.814
3.92
3.98
3.92
3.98
3.92
3.98
3.75
3.956
3.944
3.956
3.944
3.956
3.944
3.956
3.772
3.935
3.965
3.935
3.965
3.935
3.965
3.935
3.795
3.913
3.987
3.913
3.987
3.913
3.987
3.913
3.811
3.895
4.005
3.895
4.005
3.895
4.005
3.895
3.827
3.883
4.017
3.883
4.017
3.883
4.017
3.883
3.837
3.869
4.031
3.869
4.031
3.869
4.031
3.681
4.038
3.862
4.038
3.862
4.038
3.862
4.038
3.692
4.024
3.876
4.024
3.876
4.024
3.876
4.024
3.705
4.005
3.895
4.005
3.895
4.005
3.895
4.005
3.729
3.98
3.92
3.98
3.92
3.98
3.92
3.98
3.75
3.956
3.944
3.956
3.944
3.956
3.944
3.956
3.772
3.935
3.965
3.935
3.965
3.935
3.965
3.747
3.983
3.913
3.987
3.913
3.987
3.913
3.987
3.719
4.005
3.895
4.005
3.895
4.005
3.895
4.005
3.705
4.017
3.883
4.017
3.883
4.017
3.883
4.017
3.689
4.031
3.869
4.031
3.869
4.031
3.869
4.031
3.681
4.038
3.862
4.038
3.862
4.038
3.862
4.038
3.692
4.024
3.876
4.024
3.876
4.024
3.876
3.842
3.887
4.005
3.895
4.005
3.895
4.005
3.895
3.814
3.92
3.98
3.92
3.98
3.92
3.98
3.92
3.786
3.944
3.956
3.944
3.956
3.944
3.956
3.944
3.63477
1
1
1
1
1
1
1
1
1
1
1
1
1
1
1
1
1
1
1
1
1
1
1
1
1
1
1
1
1
1
1
1
1
1
1
1
1
1
1
1
1
1
1
1
1
1
1
1
1
1
1
1
1
1
1
1
1
1
1
1
1
1
1
1
1
1
1
1
1
1
1
1
1
1
1
1
1
1
1
1
1
1
1
1
1
1
1
1
1
1
1
1
1
1
1
1
1
1
1
1
1
1
1
1
1
1
1
1
1
1
1
1
1
1
1
1
1
1
1
1
1
1
1
1
1
1
1
1
1
1
1
1
1
1
1
1
1
1
1
1
1
1
1
1
1
1
1
1
1
1
1
1
1
1
1
1
1
1
1
1
1
1
1
1
1
1
1
1
1
1
1
1
1
1
1
1
1
1
1
1
1
1
1
1
1
1
1
1
1
1
1
1
1
1
1
1
1
1
1
1
1
1
1
1
1
1
1
1
1
1
1
1
1
1
1
1
1
1
1
1
1
1
1
1
1
1
1
1
1
1
1
1
1
1
1
1
1
1
1
1
1
1
1
1
1
1
1
1
1
1
1
1
1
1
1
1
1
1
1
1
1
1
1
1
1
1
1
1
1
1
1
1
1
1
1
1
1
1
1
1
1
1
1
1
1
1
1
1
1
1
1
1
1
1
1
1
1
1
1
1
1
1
1
1
1
1
1
1
1
1
1
1
1
1
1
1
1
1
1
1
1
1
1
1
1
1
1
1
1
1
1
1
1
1
1
1
1
1
1
1
1
1
1
1
1
1
1
1
1
1
1
1
1
1
1
1
1
1
1
1
1
1
1
1
1
1
1
1
1
1
1
1
1
1
1
1
1
1
1
1
1
1
1
1
1
1
1
1
1
1
1
1
1
1
1
1
1
1
1
1
1
1
1
1
1
1
1
1
1
1
1
1
1
1
1
1
1
1
1
1
1
1
1
1
1
1
1
1
1
1
1
1
1
1
1
1
1
1
1
1
1
1
1
1
1
1
1
1
1
1
1
1
1
1
1
1
1
1
1
1
1
1
1
1
1
1
1
1
1
1
1
1
1
1
1
1
1
1
1
1
1
1
1
1
1
1
1
1
1
1
1
1
1
1
1
1
1
1
1
1
1
1
1
1
1
1
1
1
1
1
1
1
1
1
1
1
1
1
1
1
1
1
1
1
1
1
1
1
1
1
1
1
1
1
1
1
1
1
1
1
1
1
1
1
1
1
1
1
1
1
1
1
1
1
1
1
1
1
1
1
1
1
1
1
1
1
1
1
1
1
1
1
1
1
1
1
1
1
1
1
1
1
1
1
1
1
1
1
1
1
1
1
1
1
1
1
1
1
1
1
1
1
1
1
1
1
1
1
1
1
1
1
1
1
1
1
1
1
1
1
1
1
1
1
1
1
1
1
1
1
1
1
1
1
1
1
1
1
1
1
1
1
1
1
1
1
1
1
1
1
1
1
1
1
1
1
1
1
1
1
1
1
1
1
1
1
1
1
1
1
1
1
1
1
1
1
1
1
1
1
1
1
1
1
1
1
1
1
1
1
1
1
1
1
1
1
1
1
1
1
1
1
1
1
1
1
1
1
1
1
1
1
1
1
1
1
1
1
1
1
1
1
1
1
1
1
1
1
1
1
1
1
1
1
1
1
1
1
1
1
1
1
1
1
1
1
1
1
1
1
1
1
1
1
1
1
1
1
1
1
1
1
1
1
1
1
1
1
1
1
1
1
1
1
1
1
1
1
1
1
1
1
1
1
1
1
1
1
1
1
1
1
1
1
1
1
1
1
1
1
1
1
1
1
1
1
1
1
1
1
1
1
1
1
1
1
1
1
1
1
1
1
1
1
1
1
1
1
1
1
1
1
1
1
1
1
1
1
1
1
1
1
1
1
1
1
1
1
1
1
1
1
1
1
1
1
1
1
1
1
1
1
1
1
1
1
1
1
1
1
1
1
1
1
1
1
1
1
1
1
1
1
1
1
1
1
1
1
1
1
1
1
1
1
1
1
1
1
1
1
1
1
1
1
1
1
1
1
1
1
1
1
1
1
1
1
1
1
1
1
1
1
1
1
1
1
1
1
1
1
1
1
1
1
1
1
1
1
1
1
1
1
1
1
1
1
1
1
1
1
1
1
1
1
1
1
1
1
1
1
1
1
1
1
1
1
1
1
1
1
1
1
1
1
1
1
1
1
1
1
1
1
1
1
1
1
1
1
1
1
1
1
1
1
1
1
1
1
1
1
1
1
1
1
1
1
1
1
1
1
1
1
1
1
1
1
1
1
1
1
1
1
1
1
1
1
1
1
1
1
1
1
1
1
1
1
1
1
1
1
1
1
1
1
1
1
1
1
1
1
1
1
1
1
1
1
1
1
1
1
1
1
1
1
1
1
1
1
1
1
1
1
1
1
1
1
1
1
1
1
1
1
1
1
1
1
1
1
1
1
1
1
1
1
1
1
1
1
1
1
1
1
1
1
1
1
1
1
1
1
1
1
1
1
1
1
1
1
1
1
1
1
1
1
1
1
1
1
1
1
1
1
1
1
1
1
1
1
1
1
1
1
1
1
1
1
1
1
1
1
1
1
1
1
1
1
1
1
1
1
1
1
1
1
1
1
1
1
1
1
1
1
1
1
1
1
1
1
1
1
1
1
1
1
1
1
1
1
1
1
1
1
1
1
1
1
1
1
1
1
1
1
1
1
1
1
1
1
1
1
1
1
1
1
1
1
1
1
1
1
1
1
1
1
1
1
1
1
1
1
1
1
1
1
1
1
1
1
1
1
1
1
1
1
1
1
1
1
1
1
1
1
1
1
1
1
1
1
1
1
1
1
1
1
1
1
1
1
1
1
1
1
1
1
1
1
1
1
1
1
1
1
1
1
1
1
1
1
1
1
1
1
1
1
1
1
1
1
1
1
1
1
1
1
1
1
1
1
1
1
1
1
1
1
1
1
1
1
1
1
1
1
1
1
1
1
1
1
1
1
1
1
1
1
1
1
1
1
1
1
1
1
1
1
1
1
1
1
1
1
1
1
1
1
1
1
1
1
1
1
1
1
1
1
1
1
1
1
1
1
1
1
1
1
1
1
1
1
1
1
1
1
1
1
1
1
1
1
1
1
1
1
1
1
1
1
1
1
1
1
1
1
1
1
1
1
1
1
1
1
1
1
1
1
1
1
1
1
1
1
1
1
1
1
1
1
1
1
1
1
1
1
1
1
1
1
1
1
1
1
1
1
1
1
1
1
1
1
1
1
1
1
1
1
1
1
1
1
1
1
1
1
1
1
1
1
1
1
1
1
1
1
1
1
1
1
1
1
1
1
1
1
1
1
1
1
1
1
1
1
1
1
1
1
1
1
1
1
1
1
1
1
1
1
1
1
1
1
1
1
1
1
1
1
1
1
1
1
1
1
1
1
1
1
1
1
1
1
1
1
1
1
1
1
1
1
1
1
1
1
1
1
1
1
1
1
1
1
1
1
1
1
1
1
1
1
1
1
1
1
1
1
1
1
1
1
1
1
1
1
1
1
1
1
1
1
1
1
1
1
