2272
2282
2280
1955
1686
1670
1680
1674
1677
1682
3926
4646
4429
4646
4429
4646
4429
4436
4443
4623
4452
4623
4452
4623
4452
4402
4477
4598
4477
4598
4477
4598
4477
4375
4508
4567
4508
4567
4508
4567
4508
4341
4537
4538
4537
4538
4537
4538
4537
4312
4562
4513
4562
4513
4562
4513
4562
4290
4588
4487
4588
4487
4588
4487
4440
4409
4611
4464
4611
4464
4611
4464
4400
4455
4620
4455
4620
4455
4620
4455
4409
4440
4635
4440
4635
4440
4635
4440
4429
4429
4646
4429
4646
4429
4646
4429
4427
4452
4623
4452
4623
4452
4623
4452
4402
4477
4598
4477
4598
4477
4598
4442
4410
4508
4567
4508
4567
4508
4567
4311
4538
4537
4538
4537
4538
4537
4538
4336
4513
4562
4513
4562
4513
4562
4513
4365
4487
4588
4487
4588
4487
4588
4487
4385
4464
4611
4464
4611
4464
4611
4464
4400
4455
4620
4455
4620
4455
4620
4455
4409
4440
4635
4440
4635
4440
4635
4223
4646
4429
4646
4429
4646
4429
4646
4233
4623
4452
4623
4452
4623
4452
4623
4256
4598
4477
4598
4477
4598
4477
4598
4285
4567
4508
4567
4508
4567
4508
4567
4311
4538
4537
4538
4537
4538
4537
4538
4336
4513
4562
4513
4562
4513
4562
4290
4588
4487
4588
4487
4588
4487
4588
4261
4611
4464
4611
4464
4611
4464
4611
4244
4620
4455
4620
4455
4620
4455
4620
4229
4635
4440
4635
4440
4635
4440
4635
4223
4646
4429
4646
4429
4646
4429
4646
4233
4623
4452
4623
4452
4623
4452
4402
4477
4598
4477
4598
4477
4598
4477
4375
4508
4567
4508
4567
4508
4567
4508
4341
4537
4538
4537
4538
4537
4538
4537
4312
4562
4513
4562
4513
4562
4513
4562
4290
4588
4487
4588
4487
4588
4487
4588
4261
4611
4464
4611
4464
4611
4464
4400
4455
4620
4455
4620
4455
4620
4455
4409
4440
4635
4440
4635
4440
4635
4440
4429
4429
4646
4429
4646
4429
4646
4429
4427
4452
4623
4452
4623
4452
4623
4452
4402
4477
4598
4477
4598
4477
4598
4477
4375
4508
4567
4508
4567
4508
4567
4311
4538
4537
4538
4537
4538
4537
4538
4336
4513
4562
4513
4562
4513
4562
4513
4365
4487
4588
4487
4588
4487
4588
4487
4385
4464
4611
4464
4611
4464
4611
4464
4400
4455
4620
4455
4620
4455
4620
4455
4409
4440
4635
4440
4635
4440
4635
4223
4646
4429
4646
4429
4646
4429
4646
4233
4623
4452
4623
4452
4623
4452
4623
4256
4598
4477
4598
4477
4598
4477
4598
4285
4567
4508
4567
4508
4567
4508
4567
4311
4538
4537
4538
4537
4538
4537
4538
4336
4513
4562
4513
4562
4513
4562
4294
4584
4487
4588
4487
4588
4487
4588
4261
4611
4464
4611
4464
4611
4464
4611
4244
4620
4455
4620
4455
4620
4455
4620
4229
4635
4440
4635
4440
4635
4440
4635
4223
4646
4429
4646
4429
4646
4429
4646
4233
4623
4452
4623
4452
4623
4452
4409
4470
4598
4477
4598
4477
4598
4477
4375
4508
4567
4508
4567
4508
4567
4508
4341
4537
4538
4537
4538
4537
4538
4537
2127
0
0
0
0
0
0
0
0
0
0
0
0
0
0
0
0
0
0
0
0
0
0
0
0
0
0
0
0
0
0
0
0
0
0
0
0
0
0
0
0
0
0
0
0
0
0
0
0
0
0
0
0
0
0
0
0
0
0
0
0
0
0
0
0
0
0
0
0
0
0
0
0
0
0
0
0
0
0
0
0
0
0
0
0
0
0
0
0
0
0
0
0
0
0
0
0
0
0
0
0
0
0
0
0
0
0
0
0
0
0
0
0
0
0
0
0
0
0
0
0
0
0
0
0
0
0
0
0
0
0
0
0
0
0
0
0
0
0
0
0
0
0
0
0
0
0
0
0
0
0
0
0
0
0
0
0
0
0
0
0
0
0
0
0
0
0
0
0
0
0
0
0
0
0
0
0
0
0
0
0
0
0
0
0
0
0
0
0
0
0
0
0
0
0
0
0
0
0
0
0
0
0
0
0
0
0
0
0
0
0
0
0
0
0
0
0
0
0
0
0
0
0
0
0
0
0
0
0
0
0
0
0
0
0
0
0
0
0
0
0
0
0
0
0
0
0
0
0
0
0
0
0
0
0
0
0
0
0
0
0
0
0
0
0
0
0
0
0
0
0
0
0
0
0
0
0
0
0
0
0
0
0
0
0
0
0
0
0
0
0
0
0
0
0
0
0
0
0
0
0
0
0
0
0
0
0
0
0
0
0
0
0
0
0
0
0
0
0
0
0
0
0
0
0
0
0
0
0
0
0
0
0
0
0
0
0
0
0
0
0
0
0
0
0
0
0
0
0
0
0
0
0
0
0
0
0
0
0
0
0
0
0
0
0
0
0
0
0
0
0
0
0
0
0
0
0
0
0
0
0
0
0
0
0
0
0
0
0
0
0
0
0
0
0
0
0
0
0
0
0
0
0
0
0
0
0
0
0
0
0
0
0
0
0
0
0
0
0
0
0
0
0
0
0
0
0
0
0
0
0
0
0
0
0
0
0
0
0
0
0
0
0
0
0
0
0
0
0
0
0
0
0
0
0
0
0
0
0
0
0
0
0
0
0
0
0
0
0
0
0
0
0
0
0
0
0
0
0
0
0
0
0
0
0
0
0
0
0
0
0
0
0
0
0
0
0
0
0
0
0
0
0
0
0
0
0
0
0
0
0
0
0
0
0
0
0
0
0
0
0
0
0
0
0
0
0
0
0
0
0
0
0
0
0
0
0
0
0
0
0
0
0
0
0
0
0
0
0
0
0
0
0
0
0
0
0
0
0
0
0
0
0
0
0
0
0
0
0
0
0
0
0
0
0
0
0
0
0
0
0
0
0
0
0
0
0
0
0
0
0
0
0
0
0
0
0
0
0
0
0
0
0
0
0
0
0
0
0
0
0
0
0
0
0
0
0
0
0
0
0
0
0
0
0
0
0
0
0
0
0
0
0
0
0
0
0
0
0
0
0
0
0
0
0
0
0
0
0
0
0
0
0
0
0
0
0
0
0
0
0
0
0
0
0
0
0
0
0
0
0
0
0
0
0
0
0
0
0
0
0
0
0
0
0
0
0
0
0
0
0
0
0
0
0
0
0
0
0
0
0
0
0
0
0
0
0
0
0
0
0
0
0
0
0
0
0
0
0
0
0
0
0
0
0
0
0
0
0
0
0
0
0
0
0
0
0
0
0
0
0
0
0
0
0
0
0
0
0
0
0
0
0
0
0
0
0
0
0
0
0
0
0
0
0
0
0
0
0
0
0
0
0
0
0
0
0
0
0
0
0
0
0
0
0
0
0
0
0
0
0
0
0
0
0
0
0
0
0
0
0
0
0
0
0
0
0
0
0
0
0
0
0
0
0
0
0
0
0
0
0
0
0
0
0
0
0
0
0
0
0
0
0
0
0
0
0
0
0
0
0
0
0
0
0
0
0
0
0
0
0
0
0
0
0
0
0
0
0
0
0
0
0
0
0
0
0
0
0
0
0
0
0
0
0
0
0
0
0
0
0
0
0
0
0
0
0
0
0
0
0
0
0
0
0
0
0
0
0
0
0
0
0
0
0
0
0
0
0
0
0
0
0
0
0
0
0
0
0
0
0
0
0
0
0
0
0
0
0
0
0
0
0
0
0
0
0
0
0
0
0
0
0
0
0
0
0
0
0
0
0
0
0
0
0
0
0
0
0
0
0
0
0
0
0
0
0
0
0
0
0
0
0
0
0
0
0
0
0
0
0
0
0
0
0
0
0
0
0
0
0
0
0
0
0
0
0
0
0
0
0
0
0
0
0
0
0
0
0
0
0
0
0
0
0
0
0
0
0
0
0
0
0
0
0
0
0
0
0
0
0
0
0
0
0
0
0
0
0
0
0
0
0
0
0
0
0
0
0
0
0
0
0
0
0
0
0
0
0
0
0
0
0
0
0
0
0
0
0
0
0
0
0
0
0
0
0
0
0
0
0
0
0
0
0
0
0
0
0
0
0
0
0
0
0
0
0
0
0
0
0
0
0
0
0
0
0
0
0
0
0
0
0
0
0
0
0
0
0
0
0
0
0
0
0
0
0
0
0
0
0
0
0
0
0
0
0
0
0
0
0
0
0
0
0
0
0
0
0
0
0
0
0
0
0
0
0
0
0
0
0
0
0
0
0
0
0
0
0
0
0
0
0
0
0
0
0
0
0
0
0
0
0
0
0
0
0
0
0
0
0
0
0
0
0
0
0
0
0
0
0
0
0
0
0
0
0
0
0
0
0
0
0
0
0
0
0
0
0
0
0
0
0
0
0
0
0
0
0
0
0
0
0
0
0
0
0
0
0
0
0
0
0
0
0
0
0
0
0
0
0
0
0
0
0
0
0
0
0
0
0
0
0
0
0
0
0
0
0
0
0
0
0
0
0
0
0
0
0
0
0
0
0
0
0
0
0
0
0
0
0
0
0
0
0
0
0
0
0
0
0
0
0
0
0
0
0
0
0
0
0
0
0
0
0
0
0
0
0
0
0
0
0
0
0
0
0
0
0
0
0
0
0
0
0
0
0
0
0
0
0
0
0
0
0
0
0
0
0
0
0
0
0
0
0
0
0
0
0
0
0
0
0
0
0
0
0
0
0
0
0
0
0
0
0
0
0
0
0
0
0
0
0
0
0
0
0
0
0
0
0
0
0
0
0
0
0
0
0
0
0
0
0
0
0
0
0
0
0
0
0
0
0
0
0
0
0
0
0
0
0
0
0
0
0
0
0
0
0
0
0
0
0
0
0
0
0
0
0
0
0
0
0
0
0
0
0
0
0
0
0
0
0
0
0
0
0
0
0
0
0
0
0
0
0
0
0
0
0
0
0
0
0
0
0
0
0
0
0
0
0
0
0
0
0
0
0
0
0
0
0
0
0
0
0
0
0
0
0
0
0
0
0
0
0
0
0
0
0
0
0
0
0
0
0
0
0
0
0
0
0
0
0
0
0
0
0
0
0
0
0
0
0
0
0
0
0
0
0
0
0
0
0
0
0
0
0
0
0
0
0
0
0
0
0
0
0
0
0
0
0
0
0
0
0
0
0
0
0
0
0
0
0
0
0
0
0
0
0
0
0
