616
610
613
569
534
529
529
529
529
530
1289
1517
1433
1517
1433
1517
1433
1436
1450
1508
1442
1508
1442
1508
1442
1435
1461
1489
1461
1489
1461
1489
1461
1415
1475
1475
1475
1475
1475
1475
1475
1401
1482
1468
1482
1468
1482
1468
1482
1395
1496
1454
1496
1454
1496
1454
1496
1382
1508
1442
1508
1442
1508
1442
1436
1442
1513
1437
1513
1437
1513
1437
1442
1435
1515
1435
1515
1435
1515
1435
1446
1433
1517
1433
1517
1433
1517
1433
1449
1433
1517
1433
1517
1433
1517
1433
1444
1442
1508
1442
1508
1442
1508
1442
1435
1461
1489
1461
1489
1461
1489
1434
1442
1475
1475
1475
1475
1475
1475
1408
1468
1482
1468
1482
1468
1482
1468
1423
1454
1496
1454
1496
1454
1496
1454
1436
1442
1508
1442
1508
1442
1508
1442
1441
1437
1513
1437
1513
1437
1513
1437
1442
1435
1515
1435
1515
1435
1515
1435
1446
1433
1517
1433
1517
1433
1517
1365
1517
1433
1517
1433
1517
1433
1517
1369
1508
1442
1508
1442
1508
1442
1508
1388
1489
1461
1489
1461
1489
1461
1489
1401
1475
1475
1475
1475
1475
1475
1475
1408
1468
1482
1468
1482
1468
1482
1468
1423
1454
1496
1454
1496
1454
1496
1382
1508
1442
1508
1442
1508
1442
1508
1370
1513
1437
1513
1437
1513
1437
1513
1364
1515
1435
1515
1435
1515
1435
1515
1364
1517
1433
1517
1433
1517
1433
1517
1365
1517
1433
1517
1433
1517
1433
1517
1369
1508
1442
1508
1442
1508
1442
1435
1461
1489
1461
1489
1461
1489
1461
1415
1475
1475
1475
1475
1475
1475
1475
1401
1482
1468
1482
1468
1482
1468
1482
1395
1496
1454
1496
1454
1496
1454
1496
1382
1508
1442
1508
1442
1508
1442
1508
1370
1513
1437
1513
1437
1513
1437
1442
1435
1515
1435
1515
1435
1515
1435
1446
1433
1517
1433
1517
1433
1517
1433
1449
1433
1517
1433
1517
1433
1517
1433
1444
1442
1508
1442
1508
1442
1508
1442
1435
1461
1489
1461
1489
1461
1489
1461
1415
1475
1475
1475
1475
1475
1475
1408
1468
1482
1468
1482
1468
1482
1468
1423
1454
1496
1454
1496
1454
1496
1454
1436
1442
1508
1442
1508
1442
1508
1442
1441
1437
1513
1437
1513
1437
1513
1437
1442
1435
1515
1435
1515
1435
1515
1435
1446
1433
1517
1433
1517
1433
1517
1365
1517
1433
1517
1433
1517
1433
1517
1369
1508
1442
1508
1442
1508
1442
1508
1388
1489
1461
1489
1461
1489
1461
1489
1401
1475
1475
1475
1475
1475
1475
1475
1408
1468
1482
1468
1482
1468
1482
1468
1423
1454
1496
1454
1496
1454
1496
1380
1510
1442
1508
1442
1508
1442
1508
1370
1513
1437
1513
1437
1513
1437
1513
1364
1515
1435
1515
1435
1515
1435
1515
1364
1517
1433
1517
1433
1517
1433
1517
1365
1517
1433
1517
1433
1517
1433
1517
1369
1508
1442
1508
1442
1508
1442
1428
1468
1489
1461
1489
1461
1489
1461
1415
1475
1475
1475
1475
1475
1475
1475
1401
1482
1468
1482
1468
1482
1468
1482
672
0
0
0
0
0
0
0
0
0
0
0
0
0
0
0
0
0
0
0
0
0
0
0
0
0
0
0
0
0
0
0
0
0
0
0
0
0
0
0
0
0
0
0
0
0
0
0
0
0
0
0
0
0
0
0
0
0
0
0
0
0
0
0
0
0
0
0
0
0
0
0
0
0
0
0
0
0
0
0
0
0
0
0
0
0
0
0
0
0
0
0
0
0
0
0
0
0
0
0
0
0
0
0
0
0
0
0
0
0
0
0
0
0
0
0
0
0
0
0
0
0
0
0
0
0
0
0
0
0
0
0
0
0
0
0
0
0
0
0
0
0
0
0
0
0
0
0
0
0
0
0
0
0
0
0
0
0
0
0
0
0
0
0
0
0
0
0
0
0
0
0
0
0
0
0
0
0
0
0
0
0
0
0
0
0
0
0
0
0
0
0
0
0
0
0
0
0
0
0
0
0
0
0
0
0
0
0
0
0
0
0
0
0
0
0
0
0
0
0
0
0
0
0
0
0
0
0
0
0
0
0
0
0
0
0
0
0
0
0
0
0
0
0
0
0
0
0
0
0
0
0
0
0
0
0
0
0
0
0
0
0
0
0
0
0
0
0
0
0
0
0
0
0
0
0
0
0
0
0
0
0
0
0
0
0
0
0
0
0
0
0
0
0
0
0
0
0
0
0
0
0
0
0
0
0
0
0
0
0
0
0
0
0
0
0
0
0
0
0
0
0
0
0
0
0
0
0
0
0
0
0
0
0
0
0
0
0
0
0
0
0
0
0
0
0
0
0
0
0
0
0
0
0
0
0
0
0
0
0
0
0
0
0
0
0
0
0
0
0
0
0
0
0
0
0
0
0
0
0
0
0
0
0
0
0
0
0
0
0
0
0
0
0
0
0
0
0
0
0
0
0
0
0
0
0
0
0
0
0
0
0
0
0
0
0
0
0
0
0
0
0
0
0
0
0
0
0
0
0
0
0
0
0
0
0
0
0
0
0
0
0
0
0
0
0
0
0
0
0
0
0
0
0
0
0
0
0
0
0
0
0
0
0
0
0
0
0
0
0
0
0
0
0
0
0
0
0
0
0
0
0
0
0
0
0
0
0
0
0
0
0
0
0
0
0
0
0
0
0
0
0
0
0
0
0
0
0
0
0
0
0
0
0
0
0
0
0
0
0
0
0
0
0
0
0
0
0
0
0
0
0
0
0
0
0
0
0
0
0
0
0
0
0
0
0
0
0
0
0
0
0
0
0
0
0
0
0
0
0
0
0
0
0
0
0
0
0
0
0
0
0
0
0
0
0
0
0
0
0
0
0
0
0
0
0
0
0
0
0
0
0
0
0
0
0
0
0
0
0
0
0
0
0
0
0
0
0
0
0
0
0
0
0
0
0
0
0
0
0
0
0
0
0
0
0
0
0
0
0
0
0
0
0
0
0
0
0
0
0
0
0
0
0
0
0
0
0
0
0
0
0
0
0
0
0
0
0
0
0
0
0
0
0
0
0
0
0
0
0
0
0
0
0
0
0
0
0
0
0
0
0
0
0
0
0
0
0
0
0
0
0
0
0
0
0
0
0
0
0
0
0
0
0
0
0
0
0
0
0
0
0
0
0
0
0
0
0
0
0
0
0
0
0
0
0
0
0
0
0
0
0
0
0
0
0
0
0
0
0
0
0
0
0
0
0
0
0
0
0
0
0
0
0
0
0
0
0
0
0
0
0
0
0
0
0
0
0
0
0
0
0
0
0
0
0
0
0
0
0
0
0
0
0
0
0
0
0
0
0
0
0
0
0
0
0
0
0
0
0
0
0
0
0
0
0
0
0
0
0
0
0
0
0
0
0
0
0
0
0
0
0
0
0
0
0
0
0
0
0
0
0
0
0
0
0
0
0
0
0
0
0
0
0
0
0
0
0
0
0
0
0
0
0
0
0
0
0
0
0
0
0
0
0
0
0
0
0
0
0
0
0
0
0
0
0
0
0
0
0
0
0
0
0
0
0
0
0
0
0
0
0
0
0
0
0
0
0
0
0
0
0
0
0
0
0
0
0
0
0
0
0
0
0
0
0
0
0
0
0
0
0
0
0
0
0
0
0
0
0
0
0
0
0
0
0
0
0
0
0
0
0
0
0
0
0
0
0
0
0
0
0
0
0
0
0
0
0
0
0
0
0
0
0
0
0
0
0
0
0
0
0
0
0
0
0
0
0
0
0
0
0
0
0
0
0
0
0
0
0
0
0
0
0
0
0
0
0
0
0
0
0
0
0
0
0
0
0
0
0
0
0
0
0
0
0
0
0
0
0
0
0
0
0
0
0
0
0
0
0
0
0
0
0
0
0
0
0
0
0
0
0
0
0
0
0
0
0
0
0
0
0
0
0
0
0
0
0
0
0
0
0
0
0
0
0
0
0
0
0
0
0
0
0
0
0
0
0
0
0
0
0
0
0
0
0
0
0
0
0
0
0
0
0
0
0
0
0
0
0
0
0
0
0
0
0
0
0
0
0
0
0
0
0
0
0
0
0
0
0
0
0
0
0
0
0
0
0
0
0
0
0
0
0
0
0
0
0
0
0
0
0
0
0
0
0
0
0
0
0
0
0
0
0
0
0
0
0
0
0
0
0
0
0
0
0
0
0
0
0
0
0
0
0
0
0
0
0
0
0
0
0
0
0
0
0
0
0
0
0
0
0
0
0
0
0
0
0
0
0
0
0
0
0
0
0
0
0
0
0
0
0
0
0
0
0
0
0
0
0
0
0
0
0
0
0
0
0
0
0
0
0
0
0
0
0
0
0
0
0
0
0
0
0
0
0
0
0
0
0
0
0
0
0
0
0
0
0
0
0
0
0
0
0
0
0
0
0
0
0
0
0
0
0
0
0
0
0
0
0
0
0
0
0
0
0
0
0
0
0
0
0
0
0
0
0
0
0
0
0
0
0
0
0
0
0
0
0
0
0
0
0
0
0
0
0
0
0
0
0
0
0
0
0
0
0
0
0
0
0
0
0
0
0
0
0
0
0
0
0
0
0
0
0
0
0
0
0
0
0
0
0
0
0
0
0
0
0
0
0
0
0
0
0
0
0
0
0
0
0
0
0
0
0
0
0
0
0
0
0
0
0
0
0
0
0
0
0
0
0
0
0
0
0
0
0
0
0
0
0
0
0
0
0
0
0
0
0
0
0
0
0
0
0
0
0
0
0
0
0
0
0
0
0
0
0
0
0
0
0
0
0
0
0
0
0
0
0
0
0
0
0
0
0
0
0
0
0
0
0
0
0
0
0
0
0
0
0
0
0
0
0
0
0
0
0
0
0
0
0
0
0
0
0
0
0
0
0
0
0
0
0
0
0
0
0
0
0
0
0
0
0
0
0
0
0
0
0
0
0
0
0
0
0
0
0
0
0
0
0
0
0
0
0
0
0
0
0
0
0
0
0
0
0
0
0
0
0
0
0
0
0
0
0
0
0
0
0
0
0
0
0
0
0
0
0
0
0
0
0
0
0
0
0
0
0
0
0
0
0
0
0
0
0
0
0
0
0
0
0
0
0
0
0
0
0
0
0
0
0
0
