937
947
944
816
705
705
708
704
707
708
1701
2011
1939
2011
1939
2011
1939
1937
1924
2010
1940
2010
1940
2010
1940
1918
1939
2011
1939
2011
1939
2011
1939
1919
1946
2004
1946
2004
1946
2004
1946
1909
1959
1991
1959
1991
1959
1991
1959
1895
1966
1984
1966
1984
1966
1984
1966
1888
1976
1974
1976
1974
1976
1974
1938
1915
1988
1962
1988
1962
1988
1962
1902
1954
1996
1954
1996
1954
1996
1954
1906
1946
2004
1946
2004
1946
2004
1946
1914
1939
2011
1939
2011
1939
2011
1939
1921
1940
2010
1940
2010
1940
2010
1940
1918
1939
2011
1939
2011
1939
2011
1943
1915
1946
2004
1946
2004
1946
2004
1864
1991
1959
1991
1959
1991
1959
1991
1870
1984
1966
1984
1966
1984
1966
1984
1880
1974
1976
1974
1976
1974
1976
1974
1891
1962
1988
1962
1988
1962
1988
1962
1902
1954
1996
1954
1996
1954
1996
1954
1906
1946
2004
1946
2004
1946
2004
1849
2011
1939
2011
1939
2011
1939
2011
1850
2010
1940
2010
1940
2010
1940
2010
1847
2011
1939
2011
1939
2011
1939
2011
1854
2004
1946
2004
1946
2004
1946
2004
1864
1991
1959
1991
1959
1991
1959
1991
1870
1984
1966
1984
1966
1984
1966
1888
1976
1974
1976
1974
1976
1974
1976
1877
1988
1962
1988
1962
1988
1962
1988
1868
1996
1954
1996
1954
1996
1954
1996
1856
2004
1946
2004
1946
2004
1946
2004
1849
2011
1939
2011
1939
2011
1939
2011
1850
2010
1940
2010
1940
2010
1940
1918
1939
2011
1939
2011
1939
2011
1939
1919
1946
2004
1946
2004
1946
2004
1946
1909
1959
1991
1959
1991
1959
1991
1959
1895
1966
1984
1966
1984
1966
1984
1966
1888
1976
1974
1976
1974
1976
1974
1976
1877
1988
1962
1988
1962
1988
1962
1902
1954
1996
1954
1996
1954
1996
1954
1906
1946
2004
1946
2004
1946
2004
1946
1914
1939
2011
1939
2011
1939
2011
1939
1921
1940
2010
1940
2010
1940
2010
1940
1918
1939
2011
1939
2011
1939
2011
1939
1919
1946
2004
1946
2004
1946
2004
1864
1991
1959
1991
1959
1991
1959
1991
1870
1984
1966
1984
1966
1984
1966
1984
1880
1974
1976
1974
1976
1974
1976
1974
1891
1962
1988
1962
1988
1962
1988
1962
1902
1954
1996
1954
1996
1954
1996
1954
1906
1946
2004
1946
2004
1946
2004
1849
2011
1939
2011
1939
2011
1939
2011
1850
2010
1940
2010
1940
2010
1940
2010
1847
2011
1939
2011
1939
2011
1939
2011
1854
2004
1946
2004
1946
2004
1946
2004
1864
1991
1959
1991
1959
1991
1959
1991
1870
1984
1966
1984
1966
1984
1966
1892
1972
1974
1976
1974
1976
1974
1976
1877
1988
1962
1988
1962
1988
1962
1988
1868
1996
1954
1996
1954
1996
1954
1996
1856
2004
1946
2004
1946
2004
1946
2004
1849
2011
1939
2011
1939
2011
1939
2011
1850
2010
1940
2010
1940
2010
1940
1930
1927
2011
1939
2011
1939
2011
1939
1919
1946
2004
1946
2004
1946
2004
1946
1909
1959
1991
1959
1991
1959
1991
1959
954
0
0
0
0
0
0
0
0
0
0
0
0
0
0
0
0
0
0
0
0
0
0
0
0
0
0
0
0
0
0
0
0
0
0
0
0
0
0
0
0
0
0
0
0
0
0
0
0
0
0
0
0
0
0
0
0
0
0
0
0
0
0
0
0
0
0
0
0
0
0
0
0
0
0
0
0
0
0
0
0
0
0
0
0
0
0
0
0
0
0
0
0
0
0
0
0
0
0
0
0
0
0
0
0
0
0
0
0
0
0
0
0
0
0
0
0
0
0
0
0
0
0
0
0
0
0
0
0
0
0
0
0
0
0
0
0
0
0
0
0
0
0
0
0
0
0
0
0
0
0
0
0
0
0
0
0
0
0
0
0
0
0
0
0
0
0
0
0
0
0
0
0
0
0
0
0
0
0
0
0
0
0
0
0
0
0
0
0
0
0
0
0
0
0
0
0
0
0
0
0
0
0
0
0
0
0
0
0
0
0
0
0
0
0
0
0
0
0
0
0
0
0
0
0
0
0
0
0
0
0
0
0
0
0
0
0
0
0
0
0
0
0
0
0
0
0
0
0
0
0
0
0
0
0
0
0
0
0
0
0
0
0
0
0
0
0
0
0
0
0
0
0
0
0
0
0
0
0
0
0
0
0
0
0
0
0
0
0
0
0
0
0
0
0
0
0
0
0
0
0
0
0
0
0
0
0
0
0
0
0
0
0
0
0
0
0
0
0
0
0
0
0
0
0
0
0
0
0
0
0
0
0
0
0
0
0
0
0
0
0
0
0
0
0
0
0
0
0
0
0
0
0
0
0
0
0
0
0
0
0
0
0
0
0
0
0
0
0
0
0
0
0
0
0
0
0
0
0
0
0
0
0
0
0
0
0
0
0
0
0
0
0
0
0
0
0
0
0
0
0
0
0
0
0
0
0
0
0
0
0
0
0
0
0
0
0
0
0
0
0
0
0
0
0
0
0
0
0
0
0
0
0
0
0
0
0
0
0
0
0
0
0
0
0
0
0
0
0
0
0
0
0
0
0
0
0
0
0
0
0
0
0
0
0
0
0
0
0
0
0
0
0
0
0
0
0
0
0
0
0
0
0
0
0
0
0
0
0
0
0
0
0
0
0
0
0
0
0
0
0
0
0
0
0
0
0
0
0
0
0
0
0
0
0
0
0
0
0
0
0
0
0
0
0
0
0
0
0
0
0
0
0
0
0
0
0
0
0
0
0
0
0
0
0
0
0
0
0
0
0
0
0
0
0
0
0
0
0
0
0
0
0
0
0
0
0
0
0
0
0
0
0
0
0
0
0
0
0
0
0
0
0
0
0
0
0
0
0
0
0
0
0
0
0
0
0
0
0
0
0
0
0
0
0
0
0
0
0
0
0
0
0
0
0
0
0
0
0
0
0
0
0
0
0
0
0
0
0
0
0
0
0
0
0
0
0
0
0
0
0
0
0
0
0
0
0
0
0
0
0
0
0
0
0
0
0
0
0
0
0
0
0
0
0
0
0
0
0
0
0
0
0
0
0
0
0
0
0
0
0
0
0
0
0
0
0
0
0
0
0
0
0
0
0
0
0
0
0
0
0
0
0
0
0
0
0
0
0
0
0
0
0
0
0
0
0
0
0
0
0
0
0
0
0
0
0
0
0
0
0
0
0
0
0
0
0
0
0
0
0
0
0
0
0
0
0
0
0
0
0
0
0
0
0
0
0
0
0
0
0
0
0
0
0
0
0
0
0
0
0
0
0
0
0
0
0
0
0
0
0
0
0
0
0
0
0
0
0
0
0
0
0
0
0
0
0
0
0
0
0
0
0
0
0
0
0
0
0
0
0
0
0
0
0
0
0
0
0
0
0
0
0
0
0
0
0
0
0
0
0
0
0
0
0
0
0
0
0
0
0
0
0
0
0
0
0
0
0
0
0
0
0
0
0
0
0
0
0
0
0
0
0
0
0
0
0
0
0
0
0
0
0
0
0
0
0
0
0
0
0
0
0
0
0
0
0
0
0
0
0
0
0
0
0
0
0
0
0
0
0
0
0
0
0
0
0
0
0
0
0
0
0
0
0
0
0
0
0
0
0
0
0
0
0
0
0
0
0
0
0
0
0
0
0
0
0
0
0
0
0
0
0
0
0
0
0
0
0
0
0
0
0
0
0
0
0
0
0
0
0
0
0
0
0
0
0
0
0
0
0
0
0
0
0
0
0
0
0
0
0
0
0
0
0
0
0
0
0
0
0
0
0
0
0
0
0
0
0
0
0
0
0
0
0
0
0
0
0
0
0
0
0
0
0
0
0
0
0
0
0
0
0
0
0
0
0
0
0
0
0
0
0
0
0
0
0
0
0
0
0
0
0
0
0
0
0
0
0
0
0
0
0
0
0
0
0
0
0
0
0
0
0
0
0
0
0
0
0
0
0
0
0
0
0
0
0
0
0
0
0
0
0
0
0
0
0
0
0
0
0
0
0
0
0
0
0
0
0
0
0
0
0
0
0
0
0
0
0
0
0
0
0
0
0
0
0
0
0
0
0
0
0
0
0
0
0
0
0
0
0
0
0
0
0
0
0
0
0
0
0
0
0
0
0
0
0
0
0
0
0
0
0
0
0
0
0
0
0
0
0
0
0
0
0
0
0
0
0
0
0
0
0
0
0
0
0
0
0
0
0
0
0
0
0
0
0
0
0
0
0
0
0
0
0
0
0
0
0
0
0
0
0
0
0
0
0
0
0
0
0
0
0
0
0
0
0
0
0
0
0
0
0
0
0
0
0
0
0
0
0
0
0
0
0
0
0
0
0
0
0
0
0
0
0
0
0
0
0
0
0
0
0
0
0
0
0
0
0
0
0
0
0
0
0
0
0
0
0
0
0
0
0
0
0
0
0
0
0
0
0
0
0
0
0
0
0
0
0
0
0
0
0
0
0
0
0
0
0
0
0
0
0
0
0
0
0
0
0
0
0
0
0
0
0
0
0
0
0
0
0
0
0
0
0
0
0
0
0
0
0
0
0
0
0
0
0
0
0
0
0
0
0
0
0
0
0
0
0
0
0
0
0
0
0
0
0
0
0
0
0
0
0
0
0
0
0
0
0
0
0
0
0
0
0
0
0
0
0
0
0
0
0
0
0
0
0
0
0
0
0
0
0
0
0
0
0
0
0
0
0
0
0
0
0
0
0
0
0
0
0
0
0
0
0
0
0
0
0
0
0
0
0
0
0
0
0
0
0
0
0
0
0
0
0
0
0
0
0
0
0
0
0
0
0
0
0
0
0
0
0
0
0
0
0
0
0
0
0
0
0
0
0
0
0
0
0
0
0
0
0
0
0
0
0
0
0
0
0
0
0
0
0
0
0
0
0
0
0
0
0
0
0
0
0
0
0
0
0
0
0
0
0
0
0
0
0
0
0
0
0
0
0
0
0
0
0
0
0
0
0
0
0
0
0
0
0
0
0
0
0
0
0
0
0
0
0
0
0
0
0
0
0
0
0
0
0
0
0
0
0
0
0
0
0
0
0
0
0
0
0
0
0
0
0
0
0
0
0
0
0
0
0
0
0
0
0
0
0
0
0
