2
0
0
0
0
0
0
0
0
0
0
0
0
0
0
0
0
0
0
0
0
0
0
0
0
0
0
0
0
0
0
0
0
0
0
0
0
0
0
0
0
0
0
0
0
0
0
0
0
0
0
0
0
0
0
0
0
0
0
0
0
0
0
0
0
0
0
0
0
0
0
0
0
0
0
0
0
0
0
0
0
0
0
0
0
0
0
0
0
0
0
0
0
0
0
0
0
0
0
0
0
0
0
0
0
0
0
0
0
0
0
0
0
0
0
0
0
0
0
0
0
0
0
0
0
0
0
0
0
0
0
0
0
0
0
0
0
0
0
0
0
0
0
0
0
0
0
0
0
0
0
0
0
0
0
0
0
0
0
0
0
0
0
0
0
0
0
0
0
0
0
0
0
0
0
0
0
0
0
0
0
0
0
0
0
0
0
0
0
0
0
0
0
0
0
0
0
0
0
0
0
0
0
0
0
0
0
0
0
0
0
0
0
0
0
0
0
0
0
0
0
0
0
0
0
0
0
0
0
0
0
0
0
0
0
0
0
0
0
0
0
0
0
0
0
0
0
0
0
0
0
0
0
0
0
128
324
324
320
324
322
314
234
240
234
234
236
234
240
234
240
234
234
236
234
235
235
240
238
236
232
240
240
244
234
234
236
234
236
234
235
233
236
234
236
234
238
240
234
236
234
238
236
234
246
234
240
234
235
235
240
234
234
235
235
234
234
236
238
250
250
259
239
240
240
234
236
256
236
252
238
236
234
240
234
236
244
234
234
236
240
232
236
234
236
234
236
234
234
236
234
234
272
234
244
234
240
234
236
234
236
234
234
252
236
234
242
232
234
236
238
240
238
236
248
235
235
234
234
240
235
243
240
234
236
234
248
236
234
236
238
234
240
234
254
234
236
242
244
234
236
234
236
238
240
234
234
240
240
236
242
250
252
234
236
234
236
234
248
244
240
248
238
240
234
236
270
244
236
244
234
234
249
235
254
242
246
234
240
238
236
240
232
250
238
236
234
240
252
234
240
235
235
234
236
234
236
234
238
236
234
236
234
234
240
234
240
236
234
234
235
235
234
234
236
244
234
234
236
234
234
236
238
240
234
236
238
240
240
238
240
240
234
234
236
242
236
240
234
236
234
240
234
235
233
236
234
236
234
234
236
234
240
234
234
236
239
239
234
236
234
240
234
236
246
236
234
234
236
234
240
234
236
256
236
242
240
240
234
234
240
248
248
236
234
234
236
234
234
248
236
238
236
234
236
238
240
235
235
234
234
236
234
236
234
234
248
234
240
240
234
234
236
234
240
240
248
234
254
234
244
240
234
234
240
234
258
234
254
252
240
240
238
236
238
236
234
236
242
240
234
236
244
238
236
238
236
234
235
235
238
236
238
245
235
236
238
244
234
236
238
236
234
234
236
234
236
234
240
238
248
236
234
236
242
240
238
236
234
240
244
234
236
234
234
240
236
238
236
234
234
236
234
234
244
236
238
236
238
238
246
238
240
234
240
248
236
234
238
236
238
250
234
235
239
240
234
236
234
252
236
238
236
234
236
238
234
236
234
236
234
235
239
234
276
240
234
234
236
238
240
240
236
232
240
236
234
236
232
246
234
234
236
234
234
240
234
236
234
234
240
244
244
234
234
236
238
236
234
236
233
235
234
240
234
235
235
240
234
234
236
252
240
234
234
236
244
244
234
236
234
244
257
235
234
234
236
234
240
234
236
238
238
232
234
236
234
240
238
236
234
236
238
240
244
234
236
238
254
234
240
238
238
236
234
236
234
240
234
240
240
238
240
234
236
234
236
234
235
239
234
234
240
236
234
234
240
240
238
236
233
239
236
234
236
233
239
240
240
240
238
236
234
240
238
236
240
244
234
235
235
234
236
234
234
244
236
234
236
233
239
236
238
236
234
234
236
244
234
236
234
234
235
239
234
234
236
238
236
234
244
250
234
234
235
235
234
236
234
239
239
234
236
234
236
234
240
234
240
234
234
258
234
240
234
236
238
236
234
244
234
239
235
240
236
234
234
234
236
234
234
240
238
236
244
234
240
236
234
242
240
240
240
234
234
244
236
242
244
236
238
236
234
236
234
244
238
234
236
234
236
234
236
242
236
234
234
236
234
236
238
236
234
234
234
244
236
244
234
238
240
234
236
234
240
238
235
239
240
235
235
248
252
236
242
248
236
244
234
240
234
234
240
234
236
234
234
236
234
236
234
234
234
236
234
235
245
238
240
234
236
234
236
238
240
234
240
244
234
236
