419
417
417
416
417
417
416
417
417
416
417
417
416
417
417
416
417
417
416
417
417
416
417
417
416
417
417
416
417
417
416
417
417
416
417
417
416
417
417
416
417
417
416
417
417
416
417
417
416
417
417
416
417
417
416
417
417
416
417
417
416
417
417
416
417
417
416
417
417
416
417
417
416
417
417
416
417
417
416
417
417
416
417
417
416
417
417
416
417
417
416
417
417
416
417
417
416
417
417
416
417
417
416
417
417
416
417
417
416
417
417
416
417
417
416
417
417
416
417
417
416
417
417
416
417
417
416
417
417
416
417
417
416
417
417
416
417
417
416
417
417
416
417
417
416
417
417
416
417
417
416
417
417
416
417
417
416
417
417
416
417
417
416
417
417
416
417
417
416
417
417
416
417
417
416
417
417
416
417
417
416
417
417
416
417
417
416
417
417
416
417
417
416
417
417
416
417
417
416
417
417
416
417
417
416
417
417
416
417
417
416
417
417
416
417
417
416
417
417
416
417
417
416
417
417
416
417
417
416
417
417
416
417
417
416
417
417
416
417
417
416
417
417
416
417
417
416
417
417
416
417
417
416
417
417
602
890
890
882
889
889
895
1522
1521
1491
1518
1486
1522
1480
1522
1480
1522
1532
1482
1522
1493
1522
1480
1509
1493
1520
1480
1510
1509
1491
1522
1484
1520
1493
1522
1493
1520
1523
1491
1524
1491
1509
1480
1522
1484
1531
1493
1498
1532
1469
1521
1480
1522
1493
1522
1480
1522
1521
1493
1522
1491
1522
1482
1520
1456
1491
1474
1478
1510
1480
1522
1493
1470
1493
1482
1520
1482
1522
1480
1522
1493
1508
1487
1526
1523
1480
1520
1489
1526
1482
1522
1493
1522
1521
1493
1522
1491
1446
1491
1498
1491
1510
1532
1482
1522
1493
1522
1491
1480
1486
1522
1491
1510
1529
1486
1520
1476
1513
1482
1496
1493
1522
1521
1491
1511
1493
1506
1480
1522
1484
1520
1495
1493
1522
1493
1509
1491
1511
1491
1484
1522
1493
1503
1471
1522
1482
1522
1493
1509
1521
1487
1526
1480
1510
1493
1498
1465
1482
1532
1482
1522
1493
1522
1454
1508
1481
1495
1519
1480
1513
1491
1444
1478
1523
1467
1522
1521
1467
1521
1454
1506
1469
1521
1480
1520
1523
1480
1520
1456
1520
1482
1522
1480
1493
1522
1480
1523
1491
1522
1482
1522
1493
1522
1519
1482
1522
1493
1522
1491
1511
1491
1510
1493
1522
1521
1493
1522
1491
1522
1484
1507
1487
1526
1523
1491
1522
1482
1520
1480
1522
1482
1519
1480
1511
1519
1480
1511
1491
1518
1486
1507
1489
1514
1521
1493
1522
1480
1522
1493
1520
1482
1529
1527
1480
1524
1491
1522
1480
1522
1491
1524
1480
1509
1521
1493
1522
1480
1522
1493
1494
1482
1522
1532
1482
1522
1480
1522
1493
1470
1493
1507
1510
1480
1522
1491
1511
1456
1504
1483
1522
1523
1491
1522
1491
1496
1482
1520
1482
1522
1493
1515
1514
1493
1522
1480
1529
1486
1522
1493
1522
1521
1465
1522
1480
1511
1491
1522
1482
1524
1519
1480
1495
1491
1485
1480
1508
1480
1522
1532
1480
1513
1450
1522
1443
1483
1480
1521
1519
1482
1509
1493
1522
1493
1506
1480
1522
1523
1467
1516
1486
1520
1482
1522
1493
1522
1503
1498
1519
1469
1521
1493
1509
1469
1520
1493
1519
1523
1491
1522
1482
1522
1493
1523
1479
1509
1495
1493
1522
1493
1498
1478
1516
1486
1522
1521
1467
1528
1486
1522
1491
1510
1493
1511
1491
1521
1522
1493
1522
1491
1498
1493
1509
1493
1509
1519
1469
1519
1476
1526
1480
1495
1483
1522
1519
1482
1520
1456
1522
1493
1510
1478
1532
1523
1491
1483
1482
1520
1482
1522
1493
1509
1532
1482
1522
1493
1522
1493
1509
1491
1432
1521
1491
1522
1482
1520
1480
1510
1493
1520
1480
1523
1522
1493
1520
1469
1522
1491
1524
1491
1513
1519
1491
1524
1480
1524
1478
1509
1467
1522
1532
1482
1511
1491
1522
1493
1522
1491
1522
1480
1522
1523
1491
1511
1491
1522
1482
1485
1478
1522
1532
1482
1509
1467
1528
1486
1522
1467
1482
1522
1491
1522
1484
1520
1480
1522
1493
1509
1504
1510
1522
1493
1522
1480
1515
1486
1522
1493
1519
1510
1467
1522
1493
1509
1454
1522
1480
1509
1519
1489
1526
1482
1522
1480
1528
1475
1519
1519
1480
1518
1486
1522
1493
1522
1493
1509
1491
1522
1510
1493
1522
1491
1511
1480
1509
1493
1522
1510
1491
1522
1493
1522
1478
1510
1480
1521
1519
1482
1522
1480
1519
1484
1519
1467
1522
1493
1522
1521
1493
1522
1491
1499
1491
1522
1493
1522
1510
1491
1516
1486
1522
1491
1524
1467
1522
1491
1523
1522
1493
1509
1491
1522
1484
1518
1489
1515
1508
1467
1521
1491
1524
1491
1511
1493
1522
1521
1475
1525
1482
1524
1491
1522
1480
1522
1480
1522
1528
1434
1529
1475
1520
1493
1509
1493
1522
1508
1487
1515
1491
1510
1493
1522
1482
1531
1523
1491
1518
1475
1518
1489
1502
1491
1511
1491
1523
1507
1476
1514
1480
1522
1491
1498
1493
1506
1508
1482
1520
1482
1522
1493
1522
1467
1520
1521
1484
1531
1482
1522
1493
1496
1493
1522
1532
1482
1522
1493
1509
1493
1522
1487
1526
1467
1524
1508
1482
1518
1476
1526
1482
1522
1480
1520
1523
1478
1511
1493
1522
1454
1493
1483
1507
1495
1489
1502
1491
1511
1491
1522
1480
1518
1527
1491
1522
1482
1522
1493
1522
1491
1522
1482
1532
1524
1467
1519
1480
1513
1491
1522
1493
1519
1510
1491
1511
1467
1532
1482
