5838
5834
5834
5832
5834
5834
5832
5834
5834
5832
5834
5834
5832
5834
5834
5832
5834
5834
5832
5834
5834
5832
5834
5834
5832
5834
5834
5832
5834
5834
5832
5834
5834
5832
5834
5834
5832
5834
5834
5832
5834
5834
5832
5834
5834
5832
5834
5834
5832
5834
5834
5832
5834
5834
5832
5834
5834
5832
5834
5834
5832
5834
5834
5832
5834
5834
5832
5834
5834
5832
5834
5834
5832
5834
5834
5832
5834
5834
5832
5834
5834
5832
5834
5834
5832
5834
5834
5832
5834
5834
5832
5834
5834
5832
5834
5834
5832
5834
5834
5832
5834
5834
5832
5834
5834
5832
5834
5834
5832
5834
5834
5832
5834
5834
5832
5834
5834
5832
5834
5834
5832
5834
5834
5832
5834
5834
5832
5834
5834
5832
5834
5834
5832
5834
5834
5832
5834
5834
5832
5834
5834
5832
5834
5834
5832
5834
5834
5832
5834
5834
5832
5834
5834
5832
5834
5834
5832
5834
5834
5832
5834
5834
5832
5834
5834
5832
5834
5834
5832
5834
5834
5832
5834
5834
5832
5834
5834
5832
5834
5834
5832
5834
5834
5832
5834
5834
5832
5834
5834
5832
5834
5834
5832
5834
5834
5832
5834
5834
5832
5834
5834
5832
5834
5834
5832
5834
5834
5832
5834
5834
5832
5834
5834
5832
5834
5834
5832
5834
5834
5832
5834
5834
5832
5834
5834
5832
5834
5834
5832
5834
5834
5832
5834
5834
5832
5834
5834
5832
5834
5834
5832
5834
5834
5832
5834
5834
5832
5834
5834
5832
5834
5834
5832
5834
5834
6332
7104
7103
7085
7102
7102
7134
9214
9210
9122
9189
9119
9214
9088
9214
9088
9214
9236
9102
9214
9123
9217
9088
9176
9126
9210
9088
9178
9174
9122
9214
9096
9212
9126
9214
9123
9213
9216
9122
9218
9120
9178
9088
9214
9096
9236
9134
9144
9244
9054
9212
9088
9214
9123
9217
9088
9214
9212
9123
9217
9122
9214
9094
9200
9024
9120
9069
9087
9178
9088
9214
9126
9060
9126
9096
9206
9096
9214
9088
9214
9126
9172
9097
9237
9218
9088
9210
9101
9237
9096
9214
9126
9214
9212
9126
9214
9122
8986
9120
9144
9122
9178
9244
9094
9214
9126
9214
9122
9075
9119
9214
9120
9180
9221
9119
9200
9071
9199
9096
9136
9123
9217
9212
9122
9180
9123
9171
9088
9214
9096
9212
9134
9126
9214
9126
9176
9122
9180
9122
9100
9214
9126
9145
9075
9214
9094
9214
9126
9176
9210
9097
9237
9082
9186
9126
9140
9046
9096
9242
9096
9214
9126
9214
9012
9172
9090
9134
9206
9086
9186
9124
8982
9080
9218
9050
9214
9212
9045
9215
9010
9168
9054
9212
9088
9206
9218
9088
9210
9016
9200
9102
9214
9088
9128
9214
9088
9213
9117
9222
9094
9214
9126
9214
9206
9094
9214
9126
9214
9122
9180
9122
9178
9126
9214
9212
9123
9217
9122
9214
9096
9172
9097
9237
9218
9122
9206
9102
9206
9082
9222
9094
9206
9088
9180
9206
9086
9182
9122
9189
9119
9170
9101
9203
9212
9126
9214
9088
9214
9123
9213
9094
9221
9241
9090
9216
9124
9214
9088
9214
9122
9218
9085
9179
9212
9126
9214
9088
9214
9126
9132
9094
9214
9244
9094
9214
9088
9214
9126
9060
9126
9162
9186
9088
9214
9122
9180
9014
9156
9104
9214
9214
9124
9214
9122
9128
9102
9206
9096
9214
9126
9181
9203
9123
9217
9090
9221
9119
9214
9126
9214
9212
9044
9214
9088
9180
9122
9214
9094
9216
9208
9088
9134
9120
9104
9090
9172
9088
9214
9244
9086
9186
9000
9216
8978
9098
9088
9210
9204
9096
9176
9126
9214
9126
9168
9088
9212
9218
9050
9183
9119
9200
9102
9214
9123
9217
9156
9144
9206
9051
9215
9126
9176
9052
9212
9126
9206
9216
9122
9212
9096
9214
9126
9214
9088
9176
9134
9126
9214
9126
9140
9086
9183
9119
9214
9210
9050
9219
9119
9214
9122
9178
9126
9178
9124
9212
9214
9126
9214
9122
9142
9126
9176
9126
9176
9206
9054
9198
9071
9237
9082
9142
9096
9214
9198
9102
9206
9018
9214
9123
9179
9086
9236
9224
9122
9098
9094
9208
9094
9214
9126
9176
9244
9094
9214
9126
9214
9123
9179
9122
8946
9210
9122
9212
9096
9208
9086
9180
9126
9210
9088
9216
9214
9126
9210
9054
9214
9122
9218
9120
9186
9208
9122
9218
9090
9216
9086
9174
9050
9214
9244
9094
9178
9124
9214
9126
9211
9117
9222
9086
9216
9213
9117
9188
9120
9216
9094
9100
9086
9214
9244
9094
9174
9050
9219
9119
9214
9050
9091
9217
9122
9214
9096
9212
9088
9214
9126
9176
9158
9180
9214
9126
9214
9088
9181
9119
9214
9126
9206
9178
9050
9214
9126
9176
9010
9214
9088
9176
9206
9101
9237
9096
9214
9088
9219
9083
9208
9206
9088
9189
9119
9214
9126
9214
9123
9179
9122
9214
9178
9126
9214
9122
9180
9088
9176
9126
9211
9179
9124
9214
9126
9211
9087
9178
9088
9210
9204
9096
9214
9088
9206
9096
9208
9050
9214
9123
9215
9214
9126
9214
9120
9144
9124
9214
9126
9211
9179
9124
9183
9119
9214
9122
9218
9050
9214
9122
9216
9214
9123
9179
9122
9214
9096
9206
9101
9207
9172
9048
9212
9122
9215
9117
9190
9126
9214
9207
9064
9237
9094
9216
9124
9214
9088
9214
9088
9214
9219
8965
9221
9083
9212
9126
9176
9126
9214
9172
9097
9202
9117
9186
9126
9214
9092
9236
9224
9122
9189
9083
9206
9101
9167
9122
9180
9122
9216
9162
9071
9203
9088
9214
9122
9142
9126
9168
9172
9094
9208
9094
9214
9126
9214
9050
9206
9214
9096
9236
9102
9214
9126
9138
9126
9214
9242
9096
9214
9126
9176
9126
9214
9097
9237
9052
9218
9172
9092
9198
9071
9237
9096
9214
9088
9208
9213
9087
9180
9123
9217
9012
9128
9096
9170
9134
9101
9167
9114
9188
9120
9216
9088
9189
9241
9120
9216
9094
9214
9126
9214
9122
9214
9094
9244
9215
9053
9206
9086
9186
9124
9214
9126
9204
9180
9122
9180
9050
9242
9096
