419
417
417
416
417
417
416
417
417
416
417
417
416
417
417
416
417
417
416
417
417
416
417
417
416
417
417
416
417
417
416
417
417
416
417
417
416
417
417
416
417
417
416
417
417
416
417
417
416
417
417
416
417
417
416
417
417
416
417
417
416
417
417
416
417
417
416
417
417
416
417
417
416
417
417
416
417
417
416
417
417
416
417
417
416
417
417
416
417
417
416
417
417
416
417
417
416
417
417
416
417
417
416
417
417
416
417
417
416
417
417
416
417
417
416
417
417
416
417
417
416
417
417
416
417
417
416
417
417
416
417
417
416
417
417
416
417
417
416
417
417
416
417
417
416
417
417
416
417
417
416
417
417
416
417
417
416
417
417
416
417
417
416
417
417
416
417
417
416
417
417
416
417
417
416
417
417
416
417
417
416
417
417
416
417
417
416
417
417
416
417
417
416
417
417
416
417
417
416
417
417
416
417
417
416
417
417
416
417
417
416
417
417
416
417
417
416
417
417
416
417
417
416
417
417
416
417
417
416
417
417
416
417
417
416
417
417
416
417
417
416
417
417
416
417
417
416
417
417
416
417
417
416
417
417
602
890
889
883
889
889
895
1522
1521
1489
1513
1493
1522
1480
1522
1480
1522
1524
1490
1522
1491
1524
1480
1509
1493
1520
1480
1510
1509
1489
1524
1482
1522
1493
1522
1491
1522
1523
1491
1524
1487
1513
1478
1524
1482
1525
1501
1498
1532
1469
1521
1480
1522
1491
1524
1480
1522
1521
1491
1524
1489
1524
1482
1512
1464
1490
1473
1480
1510
1480
1522
1493
1470
1493
1482
1516
1486
1522
1480
1522
1493
1508
1480
1529
1527
1480
1520
1482
1529
1486
1522
1493
1522
1521
1493
1522
1489
1448
1487
1502
1489
1512
1530
1484
1522
1493
1522
1491
1473
1493
1522
1491
1510
1522
1493
1512
1477
1516
1486
1496
1491
1524
1521
1491
1511
1491
1508
1478
1524
1482
1522
1495
1493
1522
1493
1509
1491
1511
1491
1484
1522
1493
1496
1478
1522
1482
1522
1493
1509
1521
1480
1529
1476
1518
1493
1496
1467
1482
1528
1486
1522
1493
1522
1454
1508
1481
1495
1517
1478
1515
1493
1444
1474
1527
1467
1522
1521
1465
1523
1454
1506
1469
1521
1480
1516
1527
1480
1520
1456
1512
1490
1522
1480
1491
1524
1480
1521
1485
1528
1484
1522
1493
1522
1517
1484
1522
1493
1522
1491
1511
1491
1510
1493
1522
1521
1491
1524
1489
1524
1482
1509
1480
1529
1527
1491
1514
1490
1516
1476
1528
1484
1519
1480
1511
1517
1478
1515
1489
1513
1493
1507
1482
1521
1521
1493
1522
1480
1522
1491
1522
1482
1522
1534
1480
1522
1493
1522
1480
1522
1491
1524
1478
1511
1521
1493
1522
1480
1522
1493
1494
1482
1522
1530
1484
1522
1480
1522
1493
1470
1493
1499
1518
1480
1522
1491
1511
1454
1498
1491
1522
1521
1493
1522
1491
1488
1490
1516
1486
1522
1493
1508
1521
1491
1524
1480
1522
1493
1522
1493
1522
1521
1465
1522
1480
1511
1491
1520
1484
1522
1521
1480
1495
1487
1489
1480
1508
1480
1522
1530
1478
1515
1448
1526
1443
1483
1480
1521
1515
1486
1509
1493
1522
1493
1506
1480
1518
1527
1467
1509
1493
1512
1490
1522
1491
1524
1503
1498
1517
1469
1523
1493
1509
1467
1522
1493
1517
1525
1491
1518
1486
1522
1493
1522
1480
1509
1495
1493
1522
1493
1496
1480
1509
1493
1522
1521
1467
1521
1493
1522
1491
1510
1493
1509
1493
1521
1522
1493
1522
1491
1498
1493
1509
1493
1509
1519
1469
1511
1477
1529
1476
1501
1485
1522
1511
1490
1516
1460
1522
1491
1510
1480
1524
1531
1489
1485
1482
1520
1482
1522
1493
1509
1532
1482
1522
1493
1522
1491
1511
1489
1434
1521
1491
1518
1486
1518
1478
1514
1493
1520
1480
1523
1522
1493
1520
1469
1522
1491
1524
1487
1515
1521
1491
1524
1480
1522
1480
1509
1467
1522
1530
1484
1509
1493
1522
1493
1520
1485
1528
1478
1526
1521
1485
1519
1487
1526
1482
1483
1480
1522
1530
1484
1509
1467
1521
1493
1522
1467
1480
1524
1489
1524
1482
1522
1480
1522
1493
1509
1504
1510
1522
1493
1522
1480
1508
1493
1522
1493
1517
1512
1467
1522
1493
1509
1454
1522
1480
1509
1519
1482
1529
1486
1522
1480
1521
1480
1521
1519
1478
1513
1493
1522
1493
1522
1491
1511
1489
1524
1510
1493
1522
1489
1513
1480
1509
1493
1520
1510
1493
1522
1493
1520
1480
1510
1480
1521
1515
1486
1522
1480
1519
1482
1521
1467
1522
1491
1523
1522
1493
1522
1487
1501
1493
1522
1493
1520
1510
1493
1509
1493
1522
1491
1524
1467
1522
1491
1523
1522
1491
1511
1489
1524
1482
1520
1482
1522
1508
1467
1521
1491
1522
1485
1519
1493
1522
1519
1470
1530
1484
1522
1493
1522
1480
1522
1480
1522
1521
1441
1522
1480
1522
1493
1509
1493
1522
1508
1480
1520
1485
1518
1493
1522
1480
1525
1531
1489
1513
1480
1520
1482
1509
1491
1511
1491
1523
1499
1477
1521
1480
1522
1489
1500
1493
1506
1506
1484
1520
1482
1522
1493
1522
1467
1516
1525
1482
1525
1490
1522
1493
1496
1493
1522
1528
1486
1522
1493
1509
1493
1522
1480
1529
1471
1524
1508
1480
1512
1477
1529
1486
1522
1480
1520
1521
1480
1511
1491
1524
1454
1493
1483
1507
1495
1482
1509
1483
1519
1487
1526
1478
1513
1534
1487
1526
1482
1522
1493
1522
1491
1520
1484
1532
1522
1469
1517
1478
1515
1493
1522
1493
1515
1514
1491
1511
1467
1528
1486
