6674
6667
6668
6665
6667
6668
6665
6667
6668
6665
6667
6668
6665
6667
6668
6665
6667
6668
6665
6667
6668
6665
6667
6668
6665
6667
6668
6665
6667
6668
6665
6667
6668
6665
6667
6668
6665
6667
6668
6665
6667
6668
6665
6667
6668
6665
6667
6668
6665
6667
6668
6665
6667
6668
6665
6667
6668
6665
6667
6668
6665
6667
6668
6665
6667
6668
6665
6667
6668
6665
6667
6668
6665
6667
6668
6665
6667
6668
6665
6667
6668
6665
6667
6668
6665
6667
6668
6665
6667
6668
6665
6667
6668
6665
6667
6668
6665
6667
6668
6665
6667
6668
6665
6667
6668
6665
6667
6668
6665
6667
6668
6665
6667
6668
6665
6667
6668
6665
6667
6668
6665
6667
6668
6665
6667
6668
6665
6667
6668
6665
6667
6668
6665
6667
6668
6665
6667
6668
6665
6667
6668
6665
6667
6668
6665
6667
6668
6665
6667
6668
6665
6667
6668
6665
6667
6668
6665
6667
6668
6665
6667
6668
6665
6667
6668
6665
6667
6668
6665
6667
6668
6665
6667
6668
6665
6667
6668
6665
6667
6668
6665
6667
6668
6665
6667
6668
6665
6667
6668
6665
6667
6668
6665
6667
6668
6665
6667
6668
6665
6667
6668
6665
6667
6668
6665
6667
6668
6665
6667
6668
6665
6667
6668
6665
6667
6668
6665
6667
6668
6665
6667
6668
6665
6667
6668
6665
6667
6668
6665
6667
6668
6665
6667
6668
6665
6667
6668
6665
6667
6668
6665
6667
6668
6665
6667
6668
6665
6667
6668
6665
6667
6668
6665
6667
6668
7217
8074
8075
8046
8072
8071
8111
10627
10624
10510
10599
10506
10627
10471
10627
10471
10628
10656
10484
10627
10513
10631
10471
10582
10516
10621
10471
10585
10582
10510
10627
10480
10625
10516
10628
10512
10625
10631
10509
10634
10509
10583
10471
10627
10480
10657
10522
10544
10663
10432
10624
10471
10627
10513
10631
10471
10627
10625
10512
10631
10510
10627
10478
10614
10393
10518
10457
10468
10585
10471
10628
10516
10446
10516
10488
10620
10478
10627
10471
10628
10516
10578
10482
10655
10631
10471
10621
10488
10655
10478
10628
10516
10627
10624
10517
10627
10510
10361
10509
10544
10510
10585
10663
10477
10628
10516
10627
10510
10466
10506
10627
10509
10586
10638
10506
10614
10449
10610
10478
10537
10512
10631
10624
10510
10589
10512
10576
10471
10627
10480
10625
10533
10517
10627
10516
10582
10510
10589
10509
10495
10627
10516
10547
10454
10627
10478
10627
10517
10581
10624
10482
10655
10465
10592
10516
10539
10423
10488
10662
10478
10628
10516
10627
10380
10579
10474
10533
10618
10470
10592
10514
10354
10464
10631
10426
10627
10624
10422
10628
10380
10572
10431
10625
10471
10620
10631
10471
10621
10387
10614
10484
10627
10471
10527
10627
10471
10627
10507
10634
10477
10628
10516
10627
10618
10477
10628
10516
10627
10510
10589
10509
10586
10516
10627
10624
10513
10631
10510
10627
10480
10579
10482
10655
10631
10510
10621
10484
10620
10465
10634
10477
10618
10471
10588
10618
10470
10589
10510
10599
10506
10575
10488
10614
10624
10516
10628
10470
10628
10512
10625
10477
10638
10659
10471
10630
10514
10627
10471
10628
10509
10634
10467
10586
10624
10516
10628
10471
10627
10516
10530
10477
10628
10663
10477
10628
10470
10628
10516
10446
10516
10569
10592
10471
10627
10510
10588
10383
10563
10487
10628
10626
10514
10627
10510
10530
10484
10620
10478
10627
10517
10589
10614
10512
10631
10471
10638
10506
10627
10516
10628
10624
10419
10627
10471
10589
10509
10628
10477
10630
10622
10470
10534
10509
10498
10471
10579
10471
10627
10663
10470
10592
10370
10628
10341
10491
10471
10624
10617
10479
10581
10517
10627
10516
10572
10471
10627
10631
10426
10592
10506
10614
10484
10628
10512
10631
10551
10544
10618
10428
10628
10516
10582
10428
10625
10516
10618
10630
10510
10627
10478
10627
10517
10627
10471
10582
10533
10517
10627
10516
10539
10468
10593
10506
10627
10624
10426
10634
10506
10628
10509
10585
10517
10584
10514
10624
10627
10517
10627
10510
10543
10516
10582
10516
10582
10618
10432
10611
10449
10655
10465
10540
10481
10627
10611
10484
10620
10387
10628
10512
10585
10468
10657
10637
10510
10491
10477
10621
10478
10627
10516
10582
10663
10478
10627
10516
10628
10512
10586
10510
10312
10624
10510
10627
10478
10621
10470
10586
10516
10621
10471
10631
10627
10516
10621
10432
10628
10509
10634
10509
10592
10622
10509
10634
10471
10630
10468
10582
10426
10627
10663
10478
10584
10514
10627
10516
10624
10507
10634
10470
10628
10627
10507
10595
10509
10628
10477
10494
10468
10628
10663
10477
10582
10426
10634
10506
10628
10425
10484
10631
10510
10627
10480
10625
10471
10627
10517
10581
10554
10587
10627
10517
10627
10471
10589
10506
10627
10516
10618
10585
10426
10627
10516
10582
10380
10628
10471
10581
10618
10488
10655
10478
10627
10471
10635
10463
10622
10617
10471
10599
10506
10627
10516
10628
10512
10586
10510
10627
10585
10517
10627
10510
10588
10471
10582
10516
10624
10585
10514
10627
10516
10624
10468
10585
10471
10624
10617
10478
10628
10471
10617
10480
10622
10425
10628
10512
10628
10627
10516
10628
10509
10543
10514
10627
10516
10624
10585
10514
10592
10506
10628
10509
10634
10426
10627
10510
10630
10628
10512
10586
10510
10627
10480
10618
10488
10617
10579
10425
10624
10510
10630
10507
10595
10517
10627
10620
10443
10653
10477
10630
10514
10627
10471
10628
10470
10628
10634
10324
10638
10463
10625
10516
10582
10517
10627
10578
10482
10613
10507
10592
10516
10627
10474
10657
10637
10510
10599
10463
10618
10488
10572
10509
10589
10510
10630
10569
10449
10614
10471
10627
10510
10543
10516
10572
10579
10477
10621
10477
10628
10516
10628
10425
10620
10625
10480
10657
10484
10627
10517
10536
10517
10627
10662
10478
10628
10516
10582
10516
10627
10482
10655
10426
10634
10577
10475
10612
10449
10655
10478
10627
10471
10621
10627
10468
10589
10512
10631
10380
10527
10481
10575
10533
10488
10572
10503
10595
10509
10628
10471
10599
10659
10509
10628
10477
10628
10516
10628
10509
10628
10477
10663
10630
10429
10618
10470
10592
10514
10627
10516
10617
10586
10510
10588
10426
10662
10478
