2502
2501
2500
2499
2501
2500
2499
2501
2500
2499
2501
2500
2499
2501
2500
2499
2501
2500
2499
2501
2500
2499
2501
2500
2499
2501
2500
2499
2501
2500
2499
2501
2500
2499
2501
2500
2499
2501
2500
2499
2501
2500
2499
2501
2500
2499
2501
2500
2499
2501
2500
2499
2501
2500
2499
2501
2500
2499
2501
2500
2499
2501
2500
2499
2501
2500
2499
2501
2500
2499
2501
2500
2499
2501
2500
2499
2501
2500
2499
2501
2500
2499
2501
2500
2499
2501
2500
2499
2501
2500
2499
2501
2500
2499
2501
2500
2499
2501
2500
2499
2501
2500
2499
2501
2500
2499
2501
2500
2499
2501
2500
2499
2501
2500
2499
2501
2500
2499
2501
2500
2499
2501
2500
2499
2501
2500
2499
2501
2500
2499
2501
2500
2499
2501
2500
2499
2501
2500
2499
2501
2500
2499
2501
2500
2499
2501
2500
2499
2501
2500
2499
2501
2500
2499
2501
2500
2499
2501
2500
2499
2501
2500
2499
2501
2500
2499
2501
2500
2499
2501
2500
2499
2501
2500
2499
2501
2500
2499
2501
2500
2499
2501
2500
2499
2501
2500
2499
2501
2500
2499
2501
2500
2499
2501
2500
2499
2501
2500
2499
2501
2500
2499
2501
2500
2499
2501
2500
2499
2501
2500
2499
2501
2500
2499
2501
2500
2499
2501
2500
2499
2501
2500
2499
2501
2500
2499
2501
2500
2499
2501
2500
2499
2501
2500
2499
2501
2500
2499
2501
2500
2499
2501
2500
2499
2501
2500
2499
2501
2500
2499
2501
2500
2499
2501
2500
2567
2659
2667
2658
2659
2666
2673
3085
3086
3071
3084
3063
3085
3063
3087
3063
3086
3094
3059
3084
3076
3083
3065
3076
3072
3086
3063
3078
3079
3071
3084
3066
3082
3072
3085
3072
3083
3085
3071
3085
3071
3077
3065
3084
3066
3092
3063
3077
3091
3058
3083
3063
3084
3076
3083
3065
3083
3086
3072
3083
3071
3084
3061
3091
3047
3077
3058
3063
3078
3063
3084
3072
3058
3072
3063
3089
3061
3087
3063
3082
3074
3083
3065
3087
3082
3065
3086
3069
3087
3061
3086
3072
3083
3085
3071
3085
3071
3047
3071
3071
3071
3075
3094
3063
3084
3072
3085
3070
3066
3063
3085
3067
3084
3090
3063
3089
3061
3081
3061
3074
3072
3083
3083
3073
3078
3072
3076
3065
3084
3066
3082
3074
3070
3083
3072
3076
3073
3079
3071
3065
3083
3072
3078
3058
3086
3061
3087
3071
3079
3084
3070
3087
3065
3075
3072
3073
3057
3063
3094
3061
3086
3072
3083
3053
3075
3067
3072
3085
3065
3079
3068
3048
3065
3082
3058
3083
3088
3059
3081
3054
3077
3060
3081
3063
3089
3082
3065
3086
3049
3089
3059
3087
3063
3074
3084
3064
3087
3071
3083
3063
3084
3072
3085
3085
3063
3084
3072
3085
3070
3079
3071
3077
3072
3083
3085
3073
3083
3071
3084
3066
3077
3070
3087
3082
3071
3088
3059
3089
3065
3083
3063
3085
3064
3079
3085
3065
3077
3071
3084
3063
3081
3069
3079
3082
3072
3086
3064
3085
3072
3083
3065
3090
3086
3063
3087
3068
3083
3065
3087
3071
3085
3065
3076
3084
3072
3085
3064
3084
3072
3071
3065
3082
3094
3063
3082
3065
3085
3072
3058
3072
3082
3075
3065
3083
3072
3079
3053
3079
3061
3086
3086
3068
3086
3070
3075
3059
3089
3061
3084
3074
3083
3079
3072
3083
3065
3090
3063
3085
3072
3086
3081
3060
3086
3063
3079
3071
3085
3063
3087
3083
3064
3072
3072
3065
3063
3077
3065
3083
3094
3065
3079
3051
3083
3045
3067
3063
3084
3087
3063
3079
3070
3083
3072
3079
3063
3087
3082
3058
3085
3063
3089
3062
3085
3072
3083
3068
3081
3085
3059
3081
3072
3076
3062
3082
3072
3085
3084
3070
3087
3061
3087
3070
3087
3061
3077
3074
3071
3084
3072
3073
3063
3084
3063
3085
3086
3058
3090
3063
3087
3071
3078
3070
3080
3069
3083
3087
3070
3084
3071
3070
3072
3078
3072
3078
3085
3058
3087
3061
3087
3065
3070
3064
3084
3088
3059
3089
3050
3085
3072
3078
3063
3093
3082
3071
3065
3065
3084
3061
3087
3072
3078
3091
3063
3085
3072
3085
3072
3077
3071
3040
3084
3070
3087
3061
3087
3065
3075
3072
3086
3063
3085
3083
3072
3086
3056
3086
3071
3085
3071
3079
3083
3071
3085
3063
3087
3063
3077
3058
3083
3094
3064
3080
3068
3083
3072
3088
3071
3083
3065
3083
3087
3071
3077
3071
3083
3062
3070
3063
3082
3094
3063
3079
3058
3090
3064
3086
3055
3070
3083
3071
3084
3066
3082
3063
3087
3071
3079
3071
3081
3087
3071
3084
3065
3084
3063
3085
3072
3085
3078
3056
3085
3072
3078
3052
3085
3064
3079
3085
3069
3087
3061
3087
3063
3091
3060
3083
3084
3065
3084
3063
3085
3072
3085
3072
3077
3071
3084
3078
3071
3085
3071
3077
3065
3076
3072
3088
3078
3068
3083
3072
3088
3063
3078
3063
3084
3087
3059
3088
3065
3084
3066
3083
3055
3088
3072
3085
3081
3072
3086
3071
3072
3068
3083
3072
3088
3078
3068
3085
3063
3087
3071
3085
3057
3084
3066
3090
3085
3072
3076
3072
3084
3066
3084
3069
3079
3077
3060
3084
3070
3087
3071
3077
3070
3083
3088
3062
3086
3063
3087
3068
3083
3065
3087
3064
3085
3090
3040
3090
3060
3082
3072
3078
3071
3084
3079
3070
3081
3071
3075
3072
3083
3067
3092
3082
3071
3084
3060
3084
3069
3073
3071
3078
3064
3090
3082
3061
3079
3064
3084
3072
3070
3072
3079
3078
3063
3085
3065
3082
3072
3086
3055
3089
3083
3066
3092
3059
3087
3071
3073
3070
3083
3094
3061
3086
3072
3076
3072
3085
3070
3087
3057
3085
3082
3061
3086
3061
3087
3061
3087
3063
3085
3087
3063
3078
3072
3083
3051
3072
3065
3078
3073
3069
3073
3073
3077
3071
3083
3065
3084
3086
3071
3083
3065
3082
3072
3086
3071
3085
3063
3091
3087
3057
3084
3065
3079
3068
3083
3072
3087
3076
3071
3079
3056
3094
3061
