2917
2916
2917
2917
2916
2917
2917
2916
2917
2917
2916
2917
2917
2916
2917
2917
2916
2917
2917
2916
2917
2917
2916
2917
2917
2916
2917
2917
2916
2917
2917
2916
2917
2917
2916
2917
2917
2916
2917
2917
2916
2917
2917
2916
2917
2917
2916
2917
2917
2916
2917
2917
2916
2917
2917
2916
2917
2917
2916
2917
2917
2916
2917
2917
2916
2917
2917
2916
2917
2917
2916
2917
2917
2916
2917
2917
2916
2917
2917
2916
2917
2917
2916
2917
2917
2916
2917
2917
2916
2917
2917
2916
2917
2917
2916
2917
2917
2916
2917
2917
2916
2917
2917
2916
2917
2917
2916
2917
2917
2916
2917
2917
2916
2917
2917
2916
2917
2917
2916
2917
2917
2916
2917
2917
2916
2917
2917
2916
2917
2917
2916
2917
2917
2916
2917
2917
2916
2917
2917
2916
2917
2917
2916
2917
2917
2916
2917
2917
2916
2917
2917
2916
2917
2917
2916
2917
2917
2916
2917
2917
2916
2917
2917
2916
2917
2917
2916
2917
2917
2916
2917
2917
2916
2917
2917
2916
2917
2917
2916
2917
2917
2916
2917
2917
2916
2917
2917
2916
2917
2917
2916
2917
2917
2916
2917
2917
2916
2917
2917
2916
2917
2917
2916
2917
2917
2916
2917
2917
2916
2917
2917
2916
2917
2917
2916
2917
2917
2916
2917
2917
2916
2917
2917
2916
2917
2917
2916
2917
2917
2916
2917
2917
2916
2917
2917
2916
2917
2917
2916
2917
2917
2916
2917
2917
2916
2917
2917
2916
2917
2917
2916
2917
2917
2916
2917
3163
3555
3547
3544
3554
3547
3566
4607
4603
4560
4592
4565
4607
4545
4605
4545
4606
4613
4558
4608
4556
4610
4543
4591
4561
4604
4545
4590
4586
4560
4608
4547
4609
4561
4607
4560
4608
4608
4560
4609
4559
4591
4543
4608
4547
4615
4575
4569
4621
4527
4608
4545
4608
4556
4610
4543
4609
4605
4560
4610
4560
4608
4551
4592
4518
4552
4539
4544
4590
4545
4608
4561
4532
4561
4551
4598
4552
4605
4545
4610
4559
4581
4550
4620
4612
4543
4604
4548
4620
4552
4606
4561
4609
4606
4562
4607
4560
4493
4559
4574
4560
4593
4618
4549
4608
4561
4607
4561
4534
4565
4607
4562
4586
4607
4565
4594
4536
4601
4552
4566
4560
4610
4608
4558
4591
4560
4587
4543
4608
4547
4609
4565
4563
4609
4561
4591
4558
4590
4560
4551
4609
4561
4569
4541
4606
4551
4605
4562
4588
4605
4545
4620
4539
4598
4561
4570
4523
4551
4617
4552
4606
4561
4609
4505
4589
4542
4567
4602
4542
4594
4564
4490
4538
4612
4525
4609
4603
4521
4611
4502
4585
4525
4610
4545
4598
4612
4543
4604
4511
4594
4558
4605
4545
4561
4608
4544
4605
4556
4614
4549
4608
4561
4607
4602
4549
4608
4561
4607
4561
4590
4560
4591
4561
4609
4606
4559
4610
4560
4608
4547
4587
4545
4620
4612
4560
4599
4558
4598
4539
4614
4549
4602
4544
4590
4602
4542
4593
4560
4592
4565
4582
4548
4605
4609
4561
4606
4544
4607
4560
4608
4547
4607
4623
4547
4606
4564
4609
4543
4605
4560
4609
4542
4592
4607
4561
4607
4544
4608
4561
4567
4547
4610
4618
4549
4610
4543
4607
4561
4532
4561
4576
4598
4543
4609
4559
4590
4506
4575
4557
4606
4606
4564
4606
4561
4560
4558
4598
4552
4608
4559
4588
4605
4560
4610
4545
4607
4565
4607
4561
4606
4610
4519
4606
4545
4590
4560
4607
4549
4606
4605
4544
4567
4558
4553
4547
4587
4543
4609
4618
4542
4594
4499
4610
4490
4548
4545
4605
4599
4550
4588
4563
4609
4561
4583
4545
4604
4612
4525
4587
4565
4594
4555
4607
4560
4610
4585
4565
4602
4525
4611
4561
4591
4522
4609
4561
4602
4609
4561
4604
4552
4605
4563
4605
4547
4590
4565
4562
4608
4561
4570
4544
4588
4565
4607
4603
4525
4606
4565
4605
4560
4590
4563
4588
4563
4608
4605
4563
4608
4560
4574
4561
4589
4561
4589
4602
4527
4595
4536
4620
4539
4574
4549
4608
4594
4558
4598
4511
4607
4560
4590
4544
4614
4616
4560
4550
4547
4604
4551
4605
4561
4589
4621
4549
4607
4561
4607
4560
4591
4560
4474
4605
4561
4604
4552
4601
4542
4594
4561
4604
4545
4608
4609
4561
4604
4529
4606
4560
4609
4559
4594
4605
4560
4609
4547
4606
4544
4588
4525
4609
4618
4548
4588
4564
4609
4561
4603
4556
4614
4542
4610
4605
4556
4597
4559
4610
4550
4546
4544
4610
4618
4549
4586
4525
4606
4564
4606
4528
4541
4610
4560
4608
4547
4609
4545
4605
4562
4588
4583
4589
4605
4562
4608
4543
4587
4565
4607
4561
4602
4590
4527
4607
4561
4589
4504
4607
4544
4588
4602
4548
4620
4552
4605
4545
4605
4544
4605
4603
4543
4592
4565
4607
4561
4607
4560
4591
4560
4608
4590
4562
4607
4560
4592
4543
4591
4561
4603
4590
4564
4609
4561
4603
4544
4590
4545
4605
4599
4554
4604
4543
4603
4547
4605
4528
4604
4560
4607
4611
4561
4606
4559
4573
4564
4609
4561
4603
4590
4564
4587
4565
4605
4560
4609
4526
4608
4565
4603
4607
4560
4592
4559
4608
4547
4603
4548
4608
4587
4521
4607
4561
4606
4556
4599
4563
4609
4600
4530
4621
4549
4606
4564
4609
4543
4605
4544
4607
4606
4486
4607
4544
4609
4561
4589
4562
4608
4585
4545
4603
4556
4598
4561
4609
4544
4615
4616
4560
4592
4544
4603
4548
4587
4560
4591
4567
4603
4576
4536
4605
4544
4608
4559
4574
4561
4583
4586
4549
4603
4547
4610
4561
4606
4528
4598
4609
4547
4615
4558
4605
4562
4569
4563
4609
4617
4552
4606
4561
4591
4561
4607
4545
4620
4527
4609
4582
4550
4596
4536
4620
4552
4605
4545
4603
4605
4544
4591
4560
4610
4507
4563
4548
4585
4566
4548
4587
4553
4597
4559
4610
4543
4592
4623
4559
4610
4547
4610
4561
4606
4560
4607
4549
4621
4606
4527
4603
4542
4594
4564
4609
4561
4599
4593
4560
4590
4527
4617
4552
