1168
1166
1168
1166
1166
1168
1166
1166
1168
1166
1166
1168
1166
1166
1168
1166
1166
1168
1166
1166
1168
1166
1166
1168
1166
1166
1168
1166
1166
1168
1166
1166
1168
1166
1166
1168
1166
1166
1168
1166
1166
1168
1166
1166
1168
1166
1166
1168
1166
1166
1168
1166
1166
1168
1166
1166
1168
1166
1166
1168
1166
1166
1168
1166
1166
1168
1166
1166
1168
1166
1166
1168
1166
1166
1168
1166
1166
1168
1166
1166
1168
1166
1166
1168
1166
1166
1168
1166
1166
1168
1166
1166
1168
1166
1166
1168
1166
1166
1168
1166
1166
1168
1166
1166
1168
1166
1166
1168
1166
1166
1168
1166
1166
1168
1166
1166
1168
1166
1166
1168
1166
1166
1168
1166
1166
1168
1166
1166
1168
1166
1166
1168
1166
1166
1168
1166
1166
1168
1166
1166
1168
1166
1166
1168
1166
1166
1168
1166
1166
1168
1166
1166
1168
1166
1166
1168
1166
1166
1168
1166
1166
1168
1166
1166
1168
1166
1166
1168
1166
1166
1168
1166
1166
1168
1166
1166
1168
1166
1166
1168
1166
1166
1168
1166
1166
1168
1166
1166
1168
1166
1166
1168
1166
1166
1168
1166
1166
1168
1166
1166
1168
1166
1166
1168
1166
1166
1168
1166
1166
1168
1166
1166
1168
1166
1166
1168
1166
1166
1168
1166
1166
1168
1166
1166
1168
1166
1166
1168
1166
1166
1168
1166
1166
1168
1166
1166
1168
1166
1166
1168
1166
1166
1168
1166
1166
1168
1166
1166
1168
1166
1166
1168
1166
1166
1168
1166
1166
1168
1166
1166
1168
1166
1166
1168
1166
1166
1168
1166
1166
1168
1166
1166
1168
1166
1166
1168
1166
1166
1168
1166
1166
1168
1166
1166
1168
1166
1166
1168
1166
1166
1168
1166
1166
1168
1166
1166
1168
1166
1166
1168
1166
1166
1168
1222
1324
1316
1314
1312
1316
1312
1322
1320
1314
1312
1314
1314
1318
1323
1314
1313
1314
1314
1314
1324
1316
1314
1312
1316
1312
1322
1320
1314
1312
1314
1314
1318
1323
1314
1313
1314
1314
1314
1324
1316
1314
1312
1316
1312
1322
1320
1314
1312
1314
1314
1318
1323
1314
1313
1314
1314
1314
1312
1422
1431
1434
1434
1429
1426
1426
1441
1435
1437
1435
1426
1427
1442
1432
1427
1429
1421
1420
1424
1447
1428
1443
1435
1435
1443
1429
1446
1433
1439
1439
1433
1446
1424
1446
1396
1424
1447
1438
1435
1443
1427
1446
1425
1447
1424
1447
1430
1441
1448
1424
1446
1427
1393
1447
1428
1443
1435
1435
1448
1425
1447
1431
1439
1439
1433
1446
1424
1446
1427
1445
1396
1437
1435
1443
1427
1446
1425
1447
1431
1441
1446
1424
1447
1428
1443
1435
1435
1396
1437
1435
1446
1427
1445
1433
1437
1441
1431
1446
1424
1447
1428
1445
1443
1427
1446
1396
1424
1446
1427
1445
1433
1439
1446
1424
1447
1430
1441
1437
1435
1443
1427
1446
1435
1390
1443
1427
1445
1425
1447
1431
1439
1439
1433
1447
1428
1443
1427
1445
1425
1447
1394
1427
1445
1443
1429
1446
1424
1447
1430
1441
1437
1435
1443
1430
1445
1433
1437
1441
1390
1435
1443
1429
1446
1433
1439
1439
1433
1446
1424
1446
1427
1445
1425
1447
1441
1431
1394
1443
1429
1446
1424
1447
1430
1441
1448
1424
1446
1427
1445
1433
1437
1441
1431
1394
1445
1429
1446
1424
1447
1430
1441
1429
1443
1426
1443
1430
1447
1431
1439
1439
1433
1394
1441
1431
1446
1431
1441
1437
1435
1443
1427
1446
1425
1447
1431
1439
1448
1424
1447
1395
1424
1447
1430
1441
1437
1435
1446
1427
1445
1433
1437
1441
1431
1446
1424
1447
1399
1422
1447
1430
1441
1437
1435
1435
1437
1433
1437
1448
1424
1447
1430
1441
1437
1435
1394
1439
1433
1447
1428
1443
1435
1435
1443
1429
1446
1424
1447
1425
1448
1437
1435
1443
1390
1433
1446
1424
1446
1427
1445
1443
1429
1446
1424
1447
1430
1441
1437
1435
1443
1427
1396
1447
1428
1443
1435
1435
1443
1429
1446
1424
1448
1439
1433
1446
1424
1446
1427
1393
1447
1428
1445
1435
1437
1433
1437
1441
1431
1439
1433
1446
1424
1448
1435
1435
1443
1390
1435
1443
1427
1446
1425
1449
1424
1447
1430
1441
1437
1435
1443
1427
1446
1425
1447
1396
1435
1435
1443
1429
1446
1424
1447
1430
1443
1446
1424
1446
1427
1445
1433
1437
1396
1435
1437
1446
1425
1447
1431
1439
1439
1433
1446
1424
1446
1429
1445
1433
1437
1441
1390
1435
1443
1429
1446
1426
1447
1430
1441
1437
1435
1443
1427
1446
1425
1447
1433
1439
1396
1433
1437
1441
1431
1446
1424
1447
1438
1435
1443
1427
1446
1426
1441
1431
1446
1391
1430
1447
1431
1439
1439
1433
1446
1424
1446
1427
1445
1443
1429
1446
1424
1447
1430
1390
1447
1431
1439
1448
1424
1447
1428
1443
1435
1435
1443
1429
1446
1424
1448
1439
1433
1394
1441
1431
1446
1424
1447
1428
1445
1443
1427
1446
1425
1447
1431
1439
1439
1433
1396
1446
1424
1447
1430
1441
1437
1435
1443
1427
1446
1425
1447
1441
1431
1446
1424
1447
1395
1424
1447
1430
1443
1446
1424
1446
1427
1445
1433
1437
1441
1431
1446
1431
1441
1437
1390
1439
1439
1433
1446
1424
1446
1437
1435
1443
1429
1446
1424
1447
1430
1441
1437
1411
1420
1446
1424
1447
1428
1443
1435
1435
1443
1429
1448
1431
1439
1439
1433
1446
1424
1396
1446
1424
1448
1437
1435
1443
1427
1446
1425
1447
1431
1439
1439
1433
1447
1428
1443
1395
1430
1441
1437
1435
1443
1427
1448
1433
1437
1441
1431
1446
1424
1447
1428
1443
1426
1401
1441
1437
1435
1443
1427
1446
1425
1447
1431
1441
1446
1424
1447
1428
1443
1435
1390
1441
1437
1435
1446
1427
1445
1433
1437
1441
1431
1446
1424
1447
1438
1435
1443
1427
1396
1446
1424
1446
1427
1445
1443
1429
1446
1424
1447
1430
1441
1437
1435
1443
1427
1448
1395
1428
1443
1435
1435
1443
1429
1446
1424
1448
1439
1433
1446
1424
1446
1428
1426
1396
1435
1437
1443
1429
1433
1439
1431
1442
1428
1443
1435
1437
1446
1425
1447
1431
1439
1396
1433
1437
1441
1431
1448
1426
1446
1424
1446
1427
1445
1425
1447
1424
1450
1426
1446
1389
1431
1446
1424
1447
1428
1443
1445
1427
1446
1425
1447
1431
1439
1439
1433
1446
1400
1420
1448
1426
1446
1424
1446
1427
1445
1433
1437
1448
1424
1447
1430
1441
1437
1435
1394
1431
1441
1448
1424
1446
1427
1445
1433
1437
1441
1431
1446
1424
1448
1437
1435
1443
1390
1433
1446
1424
1446
1427
1445
1443
1429
1446
1424
1447
1430
1441
1437
1435
1443
1427
1396
1447
1428
1443
1435
1435
1443
1429
1446
1424
1448
1439
1433
1446
1424
1446
1427
1393
1448
1424
1448
1426
1443
1429
1446
1424
1447
1430
1441
1437
1435
1446
1426
1446
1425
1395
1446
1427
1445
1433
1439
1446
1424
1447
1430
1441
1437
1435
1443
1427
1446
1425
1449
1394
1427
1445
1433
1437
1441
1431
1446
1424
1448
1437
1435
1443
1427
1446
1425
1447
1394
1427
1445
1443
1429
1446
1424
1447
1430
1441
1437
1435
1443
1430
1445
1433
1437
1441
1390
1435
1443
1429
1446
1433
1439
1439
1433
1446
1424
1446
1427
1445
1433
1437
1448
1424
1396
1446
1425
1447
1431
1439
1439
1433
1447
1428
1443
1435
1435
1443
1429
1446
1424
1396
1448
1433
1437
1441
1431
1431
1441
1437
1435
1443
1427
1448
1426
1446
1426
1439
1433
1396
1431
1439
1439
1433
1447
1428
1443
1435
1435
1443
1429
1446
1424
1448
1426
1439
1435
1394
1439
1433
1446
1424
1446
1427
1445
1443
1429
1446
1424
1447
1430
1441
1437
1435
1422
1420
1424
1447
1428
1443
1435
1435
1443
1429
1446
1433
1439
1439
1433
1446
1426
1443
1390
1433
1446
1429
1443
1435
1435
1443
1429
1446
1424
1447
1430
1441
1448
1424
1446
1427
1393
1447
1428
1443
1435
1435
1448
1426
1441
1431
1439
1433
1437
1435
1443
1427
1446
1435
1390
1443
1435
1435
1443
1429
1446
1424
1447
1440
1433
1446
1424
1446
1427
1445
1433
1390
1443
1437
1435
1443
1429
1446
1424
1447
1430
1441
1429
1443
1437
1435
1443
1429
1446
1393
1427
1446
1425
1447
1441
1431
1446
1424
1447
1428
1443
1435
1435
1443
1429
1448
1431
1389
1446
1425
1447
1431
1439
1439
1433
1447
1428
1443
1435
1435
1443
1429
1446
1424
1396
1448
1433
1437
1441
1431
1446
1424
1447
1428
1443
1435
1437
1446
1425
1447
1431
1439
1396
1426
1441
1431
1441
1433
1446
1424
1445
1427
1443
1431
1431
1439
1431
1443
1437
1435
1395
1430
1441
1437
1435
1443
1427
1448
1433
1437
1441
1431
1446
1424
1447
1428
1443
1424
1411
1433
1446
1424
1446
1427
1445
1426
1426
1449
1430
1441
1437
1435
1443
1427
1446
1387
1435
1445
1427
1446
1425
1447
1431
1439
1431
1441
1437
1435
1445
1427
1446
1425
1447
1393
1427
1446
1425
1447
1441
1431
1446
1424
1447
1428
1443
1427
1445
1433
1437
1443
1431
1396
1433
1437
1441
1431
1446
1426
1437
1435
1446
1427
1445
1425
1447
1424
1447
1430
1390
1447
1441
1431
1446
1424
1447
1428
1443
1435
1435
1443
1430
1447
1431
1439
1439
1433
1394
1433
1440
1430
1443
1446
1424
1446
1427
1445
1433
1437
1441
1431
1446
1431
1441
1437
1383
1447
1430
1441
1437
1435
1443
1430
1445
1433
1437
1441
1431
1446
1426
1437
1435
1422
1420
1424
1447
1428
1443
1435
1435
1443
1429
1446
1433
1439
1439
1433
1446
1424
1446
1396
1424
1447
1438
1435
1443
1427
1446
1425
1447
1431
1439
1439
1433
1447
1428
1443
1435
1385
1447
1425
1446
1427
1445
1443
1429
1446
1424
1447
1430
1441
1437
1435
1443
1427
1448
1395
1428
1443
1435
1435
1443
1429
1446
1424
1448
1439
1433
1446
1424
1446
1427
1445
1396
1426
1446
1427
1445
1433
1437
1441
1431
1446
1424
1447
1425
1448
1435
1435
1443
1429
1396
1443
1427
1446
1425
1447
1441
1431
1446
1426
1446
1424
1446
1427
1445
1433
1439
1446
1393
1427
1446
1425
1447
1431
1439
1439
1433
1447
1428
1443
1435
1435
1443
1429
1446
1393
1427
1448
1433
1437
1441
1431
1446
1424
1447
1428
1443
1435
1437
1446
1425
1447
1431
1390
1445
1433
1437
1441
1431
1447
1430
1441
1437
1435
1443
1427
1446
1425
1447
1441
1431
1394
1443
1429
1446
1424
1448
1426
1446
1429
1443
1435
1437
1425
1447
1431
1439
1439
1390
1439
1446
1424
1447
1425
1448
1424
1446
1427
1445
1433
1439
1446
1424
1447
1430
1441
1396
1431
1439
1439
1433
1447
1428
1443
1435
1435
1443
1429
1446
1426
1446
1431
1441
1437
1383
1448
1426
1437
1435
1427
1447
1433
1437
1441
1431
1439
1433
1429
1443
1435
1435
1445
1390
1435
1443
1427
1446
1425
1447
1431
1439
1448
1424
1447
1428
1443
1435
1435
1443
1390
1435
1446
1427
1445
1433
1437
1441
1431
1446
1424
1447
1428
1445
1443
1427
1446
1425
1395
1446
1427
1445
1433
1439
1446
1424
1447
1430
1441
1437
1435
1443
1427
1446
1425
1447
1396
1435
1435
1443
1429
1446
1424
1447
1430
1443
1446
1424
1446
1427
1445
1433
1437
1396
1435
1437
1446
1425
1447
1431
1439
1439
1433
1446
1424
1446
1437
1435
1443
1429
1426
1396
1446
1425
1447
1431
1441
1446
1424
1447
1428
1443
1435
1435
1443
1429
1446
1433
1439
1393
1429
1446
1424
1447
1430
1441
1437
1437
1443
1427
1446
1425
1447
1431
1439
1439
1390
1439
1446
1424
1447
1430
1441
1437
1435
1443
1427
1446
1435
1437
1441
1431
1446
1424
1396
1446
1424
1448
1431
1441
1437
1435
1443
1427
1443
1429
1441
1431
1439
1433
1447
1428
1393
1446
1424
1447
1428
1443
1428
1446
1425
1447
1424
1447
1430
1441
1437
1435
1443
1427
1396
1447
1428
1443
1435
1435
1443
1429
1446
1424
1448
1439
1433
1446
1424
1446
1427
1393
1447
1428
1445
1443
1427
1446
1425
1447
1431
1439
1439
1433
1446
1429
1443
1435
1435
1396
1437
1435
1443
1427
1446
1435
1437
1441
1431
1446
1424
1447
1428
1443
1435
1435
1448
1396
1424
1446
1427
1445
1433
1437
1441
1431
1447
1430
1441
1429
1443
1427
1445
1433
1390
1443
1445
1427
1446
1425
1447
1426
1446
1424
1447
1428
1443
1445
1427
1446
1425
1447
1394
1427
1445
1433
1437
1448
1424
1447
1430
1441
1437
1435
1443
1427
1446
1425
1447
1441
1390
1435
1443
1429
1446
1424
1447
1430
1443
1437
1435
1435
1435
1443
1429
1446
1424
1396
1448
1433
1437
1441
1431
1446
1424
1447
1428
1443
1435
1437
1446
1425
1447
1431
1439
1396
1433
1437
1441
1431
1447
1430
1441
1437
1435
1427
1445
1433
1437
1441
1431
1447
1430
1390
1447
1431
1439
1439
1433
1446
1424
1448
1435
1435
1443
1429
1446
1424
1447
1430
1390
1447
1441
1431
1446
1424
1447
1428
1443
1435
1435
1443
1430
1447
1431
1439
1439
1433
1394
1441
1431
1446
1431
1441
1437
1435
1443
1427
1446
1425
1447
1431
1439
1448
1424
1447
1395
1426
1439
1433
1446
1424
1446
1437
1435
1443
1429
1446
1424
1447
1430
1441
1437
1411
1420
1446
1424
1447
1428
1443
1435
1435
1443
1429
1448
1424
1447
1430
1441
1437
1435
1394
1439
1433
1447
1428
1443
1435
1435
1443
1429
1446
1424
1447
1430
1443
1446
1424
1446
1396
1424
1447
1428
1443
1435
1437
1446
1425
1447
1431
1439
1439
1433
1446
1424
1446
1426
1401
1441
1437
1435
1443
1427
1446
1425
1447
1431
1441
1446
1424
1447
1428
1443
1435
1390
1442
1428
1445
1443
1427
1446
1425
1447
1431
1439
1439
1433
1446
1429
1443
1435
1435
1396
1437
1435
1443
1427
1446
1435
1437
1441
1431
1446
1424
1447
1428
1443
1435
1435
1448
1396
1424
1446
1427
1445
1433
1437
1441
1431
1447
1430
1441
1437
1435
1443
1427
1446
1396
1424
1448
1435
1435
1443
1429
1446
1424
1447
1430
1441
1437
1435
1446
1427
1445
1433
1390
1443
1435
1435
1443
1429
1448
1431
1439
1439
1433
1446
1424
1446
1427
1445
1433
1439
1396
1443
1427
1446
1425
1447
1431
1439
1439
1433
1447
1428
1443
1435
1435
1443
1429
1396
1443
1430
1445
1433
1437
1441
1431
1446
1424
1447
1428
1443
1445
1427
1446
1425
1447
1394
1427
1445
1433
1437
1448
1424
1447
1430
1441
1437
1435
1443
1427
1446
1425
1449
1424
1396
1435
1437
1441
1431
1439
1433
1437
1435
1446
1427
1445
1433
1437
1441
1431
1446
1391
1430
1447
1431
1439
1439
1433
1446
1424
1446
1427
1445
1443
1429
1446
1424
1447
1430
1390
1447
1431
1439
1441
1433
1446
1424
1445
1427
1443
1429
1446
1424
1447
1440
1433
1446
1389
1431
1446
1424
1447
1428
1443
1445
1427
1446
1425
1447
1431
1439
1439
1433
1446
1400
1420
1447
1430
1441
1437
1435
1443
1427
1446
1425
1447
1441
1431
1446
1424
1447
1428
1391
1447
1430
1443
1446
1424
1446
1427
1445
1433
1437
1441
1431
1446
1424
1448
1437
1435
1394
1439
1433
1446
1424
1446
1427
1445
1443
1429
1446
1424
1447
1430
1441
1437
1435
1422
1420
1424
1447
1425
1446
1427
1445
1433
1437
1441
1431
1447
1430
1441
1437
1435
1443
1390
1433
1446
1426
1445
1427
1446
1425
1447
