1336
1333
1335
1332
1333
1335
1332
1333
1335
1332
1333
1335
1332
1333
1335
1332
1333
1335
1332
1333
1335
1332
1333
1335
1332
1333
1335
1332
1333
1335
1332
1333
1335
1332
1333
1335
1332
1333
1335
1332
1333
1335
1332
1333
1335
1332
1333
1335
1332
1333
1335
1332
1333
1335
1332
1333
1335
1332
1333
1335
1332
1333
1335
1332
1333
1335
1332
1333
1335
1332
1333
1335
1332
1333
1335
1332
1333
1335
1332
1333
1335
1332
1333
1335
1332
1333
1335
1332
1333
1335
1332
1333
1335
1332
1333
1335
1332
1333
1335
1332
1333
1335
1332
1333
1335
1332
1333
1335
1332
1333
1335
1332
1333
1335
1332
1333
1335
1332
1333
1335
1332
1333
1335
1332
1333
1335
1332
1333
1335
1332
1333
1335
1332
1333
1335
1332
1333
1335
1332
1333
1335
1332
1333
1335
1332
1333
1335
1332
1333
1335
1332
1333
1335
1332
1333
1335
1332
1333
1335
1332
1333
1335
1332
1333
1335
1332
1333
1335
1332
1333
1335
1332
1333
1335
1332
1333
1335
1332
1333
1335
1332
1333
1335
1332
1333
1335
1332
1333
1335
1332
1333
1335
1332
1333
1335
1332
1333
1335
1332
1333
1335
1332
1333
1335
1332
1333
1335
1332
1333
1335
1332
1333
1335
1332
1333
1335
1332
1333
1335
1332
1333
1335
1332
1333
1335
1332
1333
1335
1332
1333
1335
1332
1333
1335
1332
1333
1335
1332
1333
1335
1332
1333
1335
1332
1333
1335
1332
1333
1335
1332
1333
1335
1332
1333
1335
1332
1333
1335
1332
1333
1335
1332
1333
1335
1332
1333
1335
1332
1333
1335
1332
1333
1335
1332
1333
1335
1332
1333
1335
1332
1333
1335
1332
1333
1335
1332
1333
1335
1332
1333
1335
1332
1333
1335
1332
1333
1335
1332
1333
1335
1332
1333
1335
1399
1525
1513
1512
1507
1512
1509
1521
1520
1512
1507
1510
1510
1515
1526
1513
1507
1510
1510
1511
1525
1513
1512
1507
1512
1509
1521
1520
1512
1507
1510
1510
1515
1526
1513
1507
1510
1510
1511
1525
1513
1512
1507
1512
1509
1521
1520
1512
1507
1510
1510
1515
1526
1513
1507
1510
1510
1511
1509
1654
1661
1671
1667
1662
1659
1656
1677
1670
1671
1668
1659
1658
1677
1668
1658
1659
1648
1647
1655
1685
1657
1681
1667
1670
1678
1661
1682
1665
1676
1672
1667
1681
1655
1682
1612
1655
1685
1672
1669
1677
1659
1682
1656
1684
1654
1686
1658
1679
1684
1655
1682
1658
1609
1685
1657
1681
1667
1670
1684
1656
1685
1661
1676
1672
1667
1681
1655
1682
1658
1683
1612
1671
1669
1677
1659
1682
1656
1685
1661
1678
1681
1655
1685
1657
1681
1667
1670
1612
1671
1668
1682
1658
1683
1664
1673
1674
1665
1681
1655
1685
1657
1684
1677
1659
1682
1612
1655
1682
1658
1683
1664
1675
1682
1654
1686
1658
1679
1671
1669
1677
1659
1682
1668
1604
1681
1657
1682
1656
1685
1661
1676
1672
1666
1685
1657
1681
1657
1682
1656
1685
1608
1658
1683
1678
1661
1682
1654
1686
1658
1679
1671
1669
1677
1662
1683
1664
1673
1674
1605
1670
1678
1661
1682
1665
1676
1672
1667
1681
1655
1682
1658
1682
1656
1685
1674
1665
1610
1678
1661
1682
1654
1686
1658
1679
1684
1655
1682
1658
1683
1664
1673
1674
1665
1610
1681
1661
1682
1654
1686
1658
1679
1659
1680
1658
1679
1662
1685
1661
1676
1672
1667
1610
1674
1665
1681
1662
1679
1671
1669
1677
1659
1682
1656
1685
1661
1676
1683
1655
1685
1610
1654
1686
1658
1679
1671
1669
1681
1658
1683
1664
1673
1674
1665
1681
1655
1685
1615
1652
1686
1658
1679
1671
1669
1667
1673
1664
1673
1684
1654
1686
1658
1679
1671
1669
1610
1672
1667
1684
1657
1681
1667
1670
1678
1661
1682
1654
1686
1654
1686
1671
1669
1677
1605
1667
1681
1655
1682
1658
1683
1678
1661
1682
1654
1686
1658
1679
1671
1669
1677
1658
1613
1685
1657
1681
1667
1670
1678
1661
1682
1654
1687
1672
1667
1681
1655
1682
1658
1609
1685
1657
1684
1667
1673
1664
1673
1674
1665
1673
1667
1681
1655
1686
1667
1670
1678
1605
1669
1677
1659
1682
1656
1688
1653
1686
1658
1679
1671
1669
1677
1659
1682
1656
1685
1612
1667
1670
1678
1661
1682
1654
1686
1658
1682
1681
1655
1682
1658
1683
1664
1673
1612
1667
1672
1682
1656
1685
1661
1676
1672
1667
1681
1655
1682
1661
1683
1664
1673
1674
1605
1670
1678
1661
1682
1657
1686
1658
1679
1671
1669
1677
1659
1682
1656
1684
1665
1676
1612
1664
1673
1674
1665
1681
1655
1685
1672
1669
1677
1659
1682
1658
1675
1665
1681
1607
1662
1685
1661
1676
1672
1667
1681
1655
1682
1658
1683
1678
1661
1682
1654
1686
1658
1607
1685
1661
1676
1683
1655
1685
1657
1681
1667
1670
1678
1661
1682
1654
1687
1672
1667
1610
1674
1665
1681
1655
1685
1657
1684
1677
1659
1682
1656
1685
1661
1676
1672
1667
1611
1683
1654
1686
1658
1679
1671
1669
1677
1659
1682
1656
1685
1674
1665
1681
1655
1685
1610
1654
1686
1658
1682
1681
1655
1682
1658
1683
1664
1673
1674
1665
1681
1662
1679
1671
1603
1676
1672
1667
1681
1655
1682
1671
1670
1678
1661
1682
1654
1686
1658
1679
1671
1629
1652
1681
1655
1685
1657
1681
1667
1670
1678
1661
1686
1661
1676
1672
1667
1681
1655
1613
1681
1655
1686
1671
1669
1677
1659
1682
1656
1685
1661
1676
1672
1666
1685
1657
1681
1612
1658
1679
1671
1669
1677
1659
1686
1664
1673
1674
1665
1681
1655
1685
1657
1680
1655
1619
1679
1671
1669
1677
1659
1682
1656
1685
1661
1678
1681
1655
1685
1657
1681
1667
1603
1679
1671
1668
1682
1658
1683
1664
1673
1674
1665
1681
1655
1685
1672
1669
1677
1659
1613
1681
1655
1682
1658
1683
1678
1661
1682
1654
1686
1658
1679
1671
1669
1677
1659
1686
1611
1657
1681
1667
1670
1678
1661
1682
1654
1687
1672
1667
1681
1655
1682
1662
1658
1612
1667
1672
1679
1662
1664
1676
1660
1681
1657
1681
1667
1672
1682
1656
1685
1661
1676
1612
1664
1673
1674
1664
1685
1659
1681
1655
1682
1658
1683
1655
1684
1654
1688
1659
1681
1603
1665
1681
1655
1685
1657
1681
1680
1659
1682
1656
1685
1661
1676
1672
1667
1681
1617
1650
1685
1659
1681
1655
1682
1658
1683
1664
1673
1684
1654
1686
1658
1679
1671
1669
1610
1660
1679
1684
1655
1682
1658
1683
1664
1673
1674
1665
1681
1655
1686
1671
1669
1677
1605
1667
1681
1655
1682
1658
1683
1678
1661
1682
1654
1686
1658
1679
1671
1669
1677
1658
1613
1685
1657
1681
1667
1670
1678
1661
1682
1654
1687
1672
1667
1681
1655
1682
1658
1609
1685
1655
1685
1659
1678
1661
1682
1654
1686
1658
1679
1671
1668
1682
1658
1682
1656
1611
1682
1658
1683
1664
1675
1682
1654
1686
1658
1679
1671
1669
1677
1659
1682
1656
1688
1608
1658
1683
1664
1673
1674
1665
1681
1655
1686
1671
1669
1677
1659
1682
1656
1685
1608
1658
1683
1678
1661
1682
1654
1686
1658
1679
1671
1669
1677
1662
1683
1664
1673
1674
1605
1670
1678
1661
1682
1665
1676
1672
1667
1681
1655
1682
1658
1683
1664
1673
1684
1654
1613
1682
1656
1685
1661
1676
1672
1667
1684
1657
1681
1667
1670
1678
1661
1682
1654
1613
1686
1664
1673
1674
1666
1660
1679
1671
1669
1677
1659
1685
1658
1682
1659
1672
1667
1613
1661
1676
1672
1666
1685
1657
1681
1667
1670
1678
1661
1682
1654
1685
1658
1675
1669
1610
1672
1667
1681
1655
1682
1658
1683
1678
1661
1682
1654
1686
1658
1679
1671
1669
1646
1647
1655
1685
1657
1681
1667
1670
1678
1661
1682
1665
1676
1672
1667
1681
1659
1677
1605
1667
1681
1660
1681
1667
1670
1678
1661
1682
1654
1686
1658
1679
1684
1655
1682
1658
1609
1685
1657
1681
1667
1670
1684
1658
1675
1665
1673
1667
1671
1669
1677
1659
1682
1668
1604
1681
1667
1670
1678
1661
1682
1654
1686
1673
1667
1681
1655
1682
1658
1683
1664
1604
1680
1671
1670
1678
1661
1682
1654
1686
1658
1679
1659
1680
1671
1670
1678
1661
1682
1608
1659
1682
1656
1685
1674
1665
1681
1655
1685
1657
1681
1667
1670
1678
1661
1686
1661
1605
1682
1656
1685
1661
1676
1672
1667
1684
1657
1681
1667
1670
1678
1661
1682
1654
1613
1686
1664
1673
1674
1665
1681
1655
1685
1657
1681
1667
1672
1682
1656
1685
1661
1676
1611
1658
1675
1666
1675
1667
1681
1655
1681
1660
1678
1665
1661
1676
1660
1682
1671
1669
1612
1658
1679
1671
1669
1677
1659
1686
1664
1673
1674
1665
1681
1655
1685
1657
1681
1650
1635
1667
1681
1655
1682
1658
1683
1658
1656
1689
1658
1679
1671
1669
1677
1659
1682
1602
1669
1680
1659
1682
1656
1685
1661
1676
1660
1679
1671
1669
1680
1659
1682
1656
1684
1608
1659
1682
1656
1685
1674
1665
1681
1655
1685
1657
1681
1657
1683
1664
1673
1677
1665
1613
1664
1673
1674
1665
1681
1659
1671
1668
1682
1658
1683
1655
1684
1654
1686
1658
1607
1685
1674
1665
1681
1655
1685
1657
1681
1667
1670
1678
1662
1685
1661
1676
1672
1667
1610
1664
1678
1658
1682
1681
1655
1682
1658
1683
1664
1673
1674
1665
1681
1662
1679
1671
1595
1686
1658
1679
1671
1669
1677
1662
1683
1664
1673
1674
1665
1681
1659
1671
1669
1646
1647
1655
1685
1657
1681
1667
1670
1678
1661
1682
1665
1676
1672
1667
1681
1655
1682
1612
1655
1685
1672
1669
1677
1659
1682
1656
1685
1661
1676
1672
1667
1684
1657
1681
1667
1599
1685
1655
1682
1658
1683
1678
1661
1682
1654
1686
1658
1679
1671
1669
1677
1659
1686
1611
1657
1681
1667
1670
1678
1661
1682
1654
1687
1672
1667
1681
1655
1682
1658
1683
1611
1659
1681
1658
1683
1664
1673
1674
1665
1681
1655
1685
1655
1686
1667
1670
1678
1661
1613
1677
1659
1682
1656
1685
1674
1665
1681
1659
1681
1655
1682
1658
1683
1664
1675
1682
1608
1659
1682
1656
1685
1661
1676
1672
1666
1685
1657
1681
1667
1670
1678
1661
1682
1608
1659
1686
1664
1673
1674
1665
1681
1655
1685
1657
1681
1667
1672
1682
1656
1685
1661
1605
1683
1664
1673
1674
1664
1686
1658
1679
1671
1669
1677
1659
1682
1656
1685
1674
1665
1610
1678
1661
1682
1654
1685
1659
1681
1660
1681
1667
1673
1655
1685
1661
1676
1672
1604
1675
1682
1654
1686
1654
1685
1655
1682
1658
1683
1664
1675
1682
1654
1686
1658
1679
1613
1661
1676
1672
1666
1685
1657
1681
1667
1670
1678
1661
1682
1658
1681
1662
1679
1671
1595
1685
1659
1671
1669
1657
1686
1664
1673
1674
1665
1673
1667
1659
1681
1667
1670
1681
1605
1669
1677
1659
1682
1656
1685
1661
1676
1683
1655
1685
1657
1681
1667
1670
1678
1605
1669
1681
1658
1683
1664
1673
1674
1665
1681
1655
1685
1657
1684
1677
1659
1682
1656
1611
1682
1658
1683
1664
1675
1682
1654
1686
1658
1679
1671
1669
1677
1659
1682
1656
1685
1612
1667
1670
1678
1661
1682
1654
1686
1658
1682
1681
1655
1682
1658
1683
1664
1673
1612
1667
1672
1682
1656
1685
1661
1676
1672
1667
1681
1655
1682
1671
1670
1678
1662
1656
1613
1682
1656
1685
1661
1678
1681
1655
1685
1657
1681
1667
1670
1678
1661
1682
1665
1676
1608
1661
1682
1654
1686
1658
1679
1671
1672
1677
1659
1682
1656
1685
1661
1676
1672
1604
1675
1682
1654
1686
1658
1679
1671
1669
1677
1659
1682
1668
1673
1674
1665
1681
1655
1613
1682
1654
1685
1662
1679
1671
1669
1677
1659
1679
1661
1675
1666
1672
1666
1685
1657
1611
1681
1655
1685
1657
1680
1661
1682
1656
1685
1653
1686
1658
1679
1671
1669
1677
1658
1613
1685
1657
1681
1667
1670
1678
1661
1682
1654
1687
1672
1667
1681
1655
1682
1658
1609
1685
1657
1684
1677
1659
1682
1656
1685
1661
1676
1672
1667
1681
1660
1681
1667
1670
1612
1671
1669
1677
1659
1682
1668
1673
1674
1665
1681
1655
1685
1657
1681
1667
1670
1684
1612
1655
1682
1658
1683
1664
1673
1674
1665
1685
1658
1679
1659
1680
1658
1683
1664
1604
1681
1680
1659
1682
1656
1684
1658
1681
1655
1685
1657
1681
1680
1659
1682
1656
1685
1608
1658
1683
1664
1673
1684
1654
1686
1658
1679
1671
1669
1677
1659
1682
1656
1685
1674
1605
1670
1678
1661
1682
1654
1686
1658
1682
1671
1669
1667
1670
1678
1661
1682
1654
1613
1686
1664
1673
1674
1665
1681
1655
1685
1657
1681
1667
1672
1682
1656
1685
1661
1676
1612
1664
1673
1674
1664
1686
1658
1679
1671
1669
1657
1683
1664
1673
1674
1664
1686
1658
1607
1685
1661
1676
1672
1667
1681
1655
1686
1667
1670
1678
1661
1682
1654
1686
1658
1607
1685
1674
1665
1681
1655
1685
1657
1681
1667
1670
1678
1662
1685
1661
1676
1672
1667
1610
1674
1665
1681
1662
1679
1671
1669
1677
1659
1682
1656
1685
1661
1676
1683
1655
1685
1610
1659
1672
1667
1681
1655
1682
1671
1670
1678
1661
1682
1654
1686
1658
1679
1671
1629
1652
1681
1655
1685
1657
1681
1667
1670
1678
1662
1684
1654
1686
1658
1679
1671
1669
1610
1672
1667
1684
1657
1681
1667
1670
1678
1661
1682
1654
1686
1658
1682
1681
1655
1682
1612
1655
1685
1657
1681
1667
1672
1682
1656
1685
1661
1676
1672
1667
1681
1655
1682
1655
1619
1679
1671
1669
1677
1659
1682
1656
1685
1661
1678
1681
1655
1685
1657
1681
1667
1603
1681
1657
1684
1677
1659
1682
1656
1685
1661
1676
1672
1667
1681
1660
1681
1667
1670
1612
1671
1669
1677
1659
1682
1668
1673
1674
1665
1681
1655
1685
1657
1681
1667
1670
1684
1612
1655
1682
1658
1683
1664
1673
1674
1665
1685
1658
1679
1671
1669
1677
1659
1682
1612
1655
1686
1667
1670
1678
1661
1682
1654
1686
1658
1679
1671
1668
1682
1658
1683
1664
1604
1681
1667
1670
1678
1661
1686
1661
1676
1672
1667
1681
1655
1682
1658
1683
1664
1675
1613
1677
1659
1682
1656
1685
1661
1676
1672
1666
1685
1657
1681
1667
1670
1678
1661
1613
1677
1662
1683
1664
1673
1674
1665
1681
1655
1685
1657
1681
1680
1659
1682
1656
1685
1608
1658
1683
1664
1673
1684
1654
1686
1658
1679
1671
1669
1677
1659
1682
1656
1688
1653
1613
1668
1673
1674
1665
1673
1667
1671
1668
1682
1658
1683
1664
1673
1674
1665
1681
1607
1662
1685
1661
1676
1672
1667
1681
1655
1682
1658
1683
1678
1661
1682
1654
1686
1658
1607
1685
1661
1676
1675
1667
1681
1655
1681
1659
1679
1661
1682
1654
1686
1673
1667
1681
1603
1665
1681
1655
1685
1657
1681
1680
1659
1682
1656
1685
1661
1676
1672
1667
1681
1617
1650
1686
1658
1679
1671
1669
1677
1659
1682
1656
1685
1674
1665
1681
1655
1685
1657
1607
1686
1658
1682
1681
1655
1682
1658
1683
1664
1673
1674
1665
1681
1655
1686
1671
1669
1610
1672
1667
1681
1655
1682
1658
1683
1678
1661
1682
1654
1686
1658
1679
1671
1669
1646
1647
1655
1685
1655
1682
1658
1683
1664
1673
1674
1664
1686
1658
1679
1671
1669
1677
1605
1667
1681
1658
1681
1659
1682
1656
1685
