503
499
501
500
499
501
500
499
501
500
499
501
500
499
501
500
499
501
500
499
501
500
499
501
500
499
501
500
499
501
500
499
501
500
499
501
500
499
501
500
499
501
500
499
501
500
499
501
500
499
501
500
499
501
500
499
501
500
499
501
500
499
501
500
499
501
500
499
501
500
499
501
500
499
501
500
499
501
500
499
501
500
499
501
500
499
501
500
499
501
500
499
501
500
499
501
500
499
501
500
499
501
500
499
501
500
499
501
500
499
501
500
499
501
500
499
501
500
499
501
500
499
501
500
499
501
500
499
501
500
499
501
500
499
501
500
499
501
500
499
501
500
499
501
500
499
501
500
499
501
500
499
501
500
499
501
500
499
501
500
499
501
500
499
501
500
499
501
500
499
501
500
499
501
500
499
501
500
499
501
500
499
501
500
499
501
500
499
501
500
499
501
500
499
501
500
499
501
500
499
501
500
499
501
500
499
501
500
499
501
500
499
501
500
499
501
500
499
501
500
499
501
500
499
501
500
499
501
500
499
501
500
499
501
500
499
501
500
499
501
500
499
501
500
499
501
500
499
501
500
499
501
500
499
501
500
499
501
500
499
501
500
499
501
500
499
501
500
499
501
500
499
501
500
499
501
500
499
501
500
499
501
500
499
501
500
499
501
500
499
501
500
499
501
500
499
501
500
499
501
500
499
501
547
609
605
602
602
604
606
613
603
604
600
607
605
612
605
605
600
603
606
609
609
605
602
602
604
606
613
603
604
600
607
605
612
605
605
600
603
606
609
609
605
602
602
604
606
613
603
604
600
607
605
612
605
605
600
603
606
609
600
670
678
669
671
667
668
668
680
669
677
671
668
669
679
669
666
676
659
670
666
683
674
671
679
671
680
665
682
677
671
680
668
681
665
683
656
666
683
676
671
680
664
683
670
678
668
682
675
671
681
665
683
672
650
683
674
671
679
671
679
670
679
676
671
680
668
681
665
683
672
676
655
678
671
680
664
683
670
679
676
670
682
666
683
674
671
679
671
655
678
666
685
672
675
678
670
681
666
682
666
683
674
673
680
664
683
657
665
683
672
675
678
668
682
668
682
675
671
678
671
680
664
683
678
654
671
674
675
670
679
676
671
680
667
683
674
671
674
675
670
679
656
672
676
680
665
682
668
682
675
671
678
671
680
672
675
678
670
681
653
671
680
665
682
677
671
680
668
681
665
683
672
675
670
679
680
666
658
680
665
682
668
682
675
671
681
665
683
672
675
678
670
681
666
658
680
665
682
668
682
675
671
676
673
664
684
669
679
676
671
680
668
656
681
666
682
676
671
678
671
680
664
683
670
679
676
671
681
666
683
654
668
682
675
671
678
671
680
672
675
678
670
681
666
682
666
683
652
670
682
675
671
678
671
677
670
678
670
680
668
682
675
671
678
671
655
680
668
682
674
671
679
671
680
665
682
668
682
665
681
678
671
680
655
668
681
665
683
672
676
680
665
682
668
682
675
671
678
671
680
664
658
683
674
671
679
671
680
665
682
668
680
680
668
681
665
683
672
650
683
674
673
677
670
678
670
681
666
681
668
681
665
681
679
671
680
653
671
680
664
683
670
679
667
682
675
671
678
671
680
664
683
670
678
655
679
671
680
665
682
668
682
675
671
681
665
683
672
675
678
670
655
679
667
683
670
679
676
671
680
668
681
665
683
672
675
678
670
681
653
671
680
665
682
668
682
675
671
678
671
680
664
683
670
678
677
671
656
678
670
681
666
682
666
683
676
671
680
664
683
666
683
666
682
656
669
679
676
671
680
668
681
665
683
672
675
681
665
682
668
682
675
649
679
676
671
681
666
683
674
671
679
671
680
665
682
668
680
680
668
656
681
666
682
666
683
674
673
680
664
683
670
679
676
671
680
668
651
685
668
682
675
671
678
671
680
664
683
670
678
681
666
682
666
683
654
668
682
675
671
681
665
683
672
675
678
670
681
666
682
676
671
678
655
671
680
668
681
665
683
677
671
680
665
682
668
682
675
671
678
654
671
682
666
683
674
671
679
671
680
665
683
676
671
680
668
681
665
657
682
666
681
678
671
680
664
683
670
679
676
671
680
664
686
674
671
659
675
671
678
671
680
664
683
678
670
681
666
682
666
683
674
673
664
668
671
678
671
680
664
683
670
679
676
670
682
666
683
674
671
679
655
671
678
668
683
672
675
678
670
681
666
682
666
683
676
671
680
664
659
681
665
683
672
675
681
665
682
668
682
675
671
678
671
680
664
683
658
674
671
679
671
680
665
682
668
680
680
668
681
665
683
667
668
655
679
667
684
667
677
671
677
673
674
671
679
667
683
670
679
676
671
656
678
670
681
664
684
667
681
665
683
672
675
670
678
668
681
667
681
656
666
682
666
683
674
671
682
664
683
670
679
676
671
680
668
681
652
671
681
667
681
665
683
672
675
678
670
680
668
682
675
671
678
671
655
677
671
681
665
683
672
675
678
670
681
666
682
666
681
678
671
680
655
668
681
665
683
672
676
680
665
682
668
682
675
671
678
671
680
664
658
683
674
671
679
671
680
665
682
668
680
680
668
681
665
683
672
650
682
665
683
668
680
665
682
668
682
675
671
678
666
685
664
683
670
652
683
672
675
678
668
682
668
682
675
671
678
671
680
664
683
670
679
656
672
675
678
670
681
666
682
666
681
678
671
680
664
683
670
679
656
672
676
680
665
682
668
682
675
671
678
671
680
672
675
678
670
681
653
671
680
665
682
677
671
680
668
681
665
683
672
675
678
670
680
668
653
683
670
679
676
671
680
668
682
674
671
679
671
680
665
682
668
653
683
678
670
681
667
677
671
678
671
680
664
683
666
682
668
680
668
657
676
671
680
667
683
674
671
679
671
680
665
682
668
681
666
679
671
655
680
668
681
665
683
672
676
680
665
682
668
682
675
671
678
671
666
670
666
683
674
671
679
671
680
665
682
677
671
680
668
681
668
680
655
668
681
675
671
679
671
680
665
682
668
682
675
671
681
665
683
672
650
683
674
671
679
671
679
666
683
666
681
668
678
671
680
664
683
678
654
671
679
671
680
665
682
668
682
678
668
681
665
683
672
675
678
654
673
677
671
680
665
682
668
682
675
671
676
673
677
671
680
665
682
657
664
683
670
679
680
666
682
666
683
674
671
679
671
680
665
683
676
644
683
670
679
676
671
680
668
682
674
671
679
671
680
665
682
668
653
683
678
670
681
666
682
666
683
674
671
679
667
683
670
679
676
671
656
666
683
667
680
668
681
665
683
668
680
668
676
671
677
671
678
669
659
675
671
678
671
680
664
683
678
670
681
666
682
666
683
674
671
667
670
668
681
665
683
672
675
668
668
682
675
671
678
671
680
664
683
654
671
680
664
683
670
679
676
671
677
671
678
671
680
664
683
670
678
657
664
683
670
679
680
666
682
666
683
674
671
674
675
678
670
681
668
655
678
670
681
666
682
667
678
668
683
672
675
670
678
668
682
675
649
678
681
666
682
666
683
674
671
679
671
680
669
679
676
671
680
668
656
677
673
675
671
681
665
683
672
675
678
670
681
666
682
676
671
678
646
682
675
671
678
671
680
672
675
678
670
681
666
682
667
678
671
666
670
666
683
674
671
679
671
680
665
682
677
671
680
668
681
665
683
656
666
683
676
671
680
664
683
670
679
676
671
680
668
682
674
671
679
645
683
664
683
672
675
681
665
682
668
682
675
671
678
671
680
664
683
658
674
671
679
671
680
665
682
668
680
680
668
681
665
683
672
675
657
668
680
672
675
678
670
681
666
682
666
683
664
681
679
671
680
665
659
680
664
683
670
678
681
666
682
667
681
665
683
672
675
678
668
682
657
664
683
670
679
676
671
680
664
686
674
671
679
671
680
665
682
657
664
683
678
670
681
666
682
666
683
674
671
679
667
683
670
679
676
652
675
678
670
681
667
682
675
671
678
671
680
664
683
670
679
680
666
658
680
665
682
668
681
667
681
675
671
679
670
670
679
676
671
680
654
668
682
668
682
665
682
665
683
672
675
678
668
682
668
682
675
671
657
676
671
680
667
683
674
671
679
671
680
665
682
667
682
676
671
678
646
681
667
678
669
674
675
678
670
681
666
681
668
676
671
679
671
680
653
671
680
664
683
670
679
676
671
681
666
683
674
671
679
671
680
653
671
680
672
675
678
670
681
666
682
666
683
674
673
680
664
683
670
652
683
672
675
678
668
682
668
682
675
671
678
671
680
664
683
670
678
655
679
671
680
665
682
668
682
675
671
681
665
683
672
675
678
670
655
679
667
683
670
679
676
671
680
668
681
665
683
677
671
680
667
668
653
683
670
679
676
670
682
666
683
674
671
679
671
680
665
682
677
671
657
665
682
668
682
675
671
678
671
680
664
683
670
679
676
671
680
654
668
682
668
682
675
671
678
671
680
664
683
678
670
681
666
682
666
655
682
668
681
676
671
678
671
680
664
684
665
683
667
680
667
683
674
647
682
666
683
674
673
664
683
670
679
667
682
675
671
678
671
680
664
658
683
674
671
679
671
680
665
682
668
680
680
668
681
665
683
672
650
683
674
673
680
664
683
670
679
676
671
680
668
681
675
671
679
671
655
678
671
680
664
683
678
670
681
666
682
666
683
674
671
679
671
679
657
665
683
672
675
678
670
681
666
683
675
671
676
673
672
675
678
654
671
682
664
683
670
678
667
682
666
683
674
671
682
664
683
670
679
656
672
675
678
670
680
668
682
675
671
678
671
680
664
683
670
678
681
653
671
680
665
682
668
682
675
671
678
669
679
671
680
665
682
668
653
683
678
670
681
666
682
666
683
674
671
679
667
683
670
679
676
671
656
678
670
681
664
685
675
671
678
669
674
675
678
670
681
664
685
675
649
679
676
671
680
668
681
665
681
679
671
680
665
682
668
682
675
649
678
681
666
682
666
683
674
671
679
671
680
669
679
676
671
680
668
656
681
666
682
676
671
678
671
680
664
683
670
679
676
671
681
666
683
654
668
680
668
681
665
683
677
671
680
665
682
668
682
675
671
678
654
671
682
666
683
674
671
679
671
680
667
680
668
682
675
671
678
671
655
680
668
682
674
671
679
671
680
665
682
668
682
675
671
681
665
683
656
666
683
674
671
679
667
683
670
679
676
671
680
668
681
665
683
664
668
671
678
671
680
664
683
670
679
676
670
682
666
683
674
671
679
655
673
674
673
680
664
683
670
679
676
671
680
668
681
675
671
679
671
655
678
671
680
664
683
678
670
681
666
682
666
683
674
671
679
671
679
657
665
683
672
675
678
670
681
666
683
675
671
678
671
680
664
683
657
665
681
679
671
680
665
682
668
682
675
671
678
666
685
672
675
678
654
671
679
671
680
663
685
676
671
680
668
681
665
683
672
675
678
668
659
680
664
683
670
679
676
671
680
667
683
674
671
679
671
680
665
659
680
672
675
678
670
681
666
682
666
683
674
671
682
664
683
670
679
656
672
675
678
670
680
668
682
675
671
678
671
680
664
683
670
679
667
653
681
670
681
666
681
668
678
668
683
672
675
678
670
681
666
682
656
669
679
676
671
680
668
681
665
683
672
675
681
665
682
668
682
675
649
679
676
671
680
668
681
665
683
664
684
665
682
668
682
678
668
681
656
666
682
666
683
674
671
682
664
683
670
679
676
671
680
668
681
652
671
682
675
671
678
671
680
664
683
670
678
681
666
682
666
683
674
648
682
675
671
681
665
683
672
675
678
670
681
666
682
666
681
678
671
655
680
668
681
665
683
672
676
680
665
682
668
682
675
671
678
671
666
670
666
683
664
683
672
675
678
670
681
667
682
675
671
678
671
680
655
668
681
665
683
664
683
670
679
