2
0
0
0
0
0
0
0
0
0
0
0
0
0
0
0
0
0
0
0
0
0
0
0
0
0
0
0
0
0
0
0
0
0
0
0
0
0
0
0
0
0
0
0
0
0
0
0
0
0
0
0
0
0
0
0
0
0
0
0
0
0
0
0
0
0
0
0
0
0
0
0
0
0
0
0
0
0
0
0
0
0
0
0
0
0
0
0
0
0
0
0
0
0
0
0
0
0
0
0
0
0
0
0
0
0
0
0
0
0
0
0
0
0
0
0
0
0
0
0
0
0
0
0
0
0
0
0
0
0
0
0
0
0
0
0
0
0
0
0
0
0
0
0
0
0
0
0
0
0
0
0
0
0
0
0
0
0
0
0
0
0
0
0
0
0
0
0
0
0
0
0
0
0
0
0
0
0
0
0
0
0
0
0
0
0
0
0
0
0
0
0
0
0
0
0
0
0
0
0
0
0
0
0
0
0
0
0
0
0
0
0
0
0
0
0
0
0
0
0
0
0
0
0
0
0
0
0
0
0
0
0
0
0
0
0
0
0
0
0
0
0
0
0
0
0
0
0
0
0
0
0
0
0
0
128
324
324
320
324
322
314
234
234
7216
236
234
6962
488
14196
236
7214
234
236
234
236
234
7216
7216
7214
236
234
7222
228
234
7216
236
7214
236
7214
236
7214
236
7214
236
234
7216
234
234
987
13445
236
7214
234
14198
234
236
7214
7220
232
234
7216
234
236
234
234
236
234
7216
7214
236
7214
236
234
240
230
234
7216
234
7216
236
234
7216
234
1076
6376
7216
234
7214
14196
14198
234
234
236
234
234
236
234
236
7214
236
7214
236
7216
7214
236
234
236
234
7214
236
7214
236
234
236
234
234
234
236
234
234
236
14196
236
234
234
7216
7216
234
234
21178
234
11700
2732
7457
6973
7216
234
7216
234
7216
7216
234
236
234
7216
14196
14196
234
234
236
234
14196
14196
7216
236
7214
236
14194
236
7216
234
236
234
7216
7216
14194
236
234
236
234
236
234
234
7216
234
236
7214
7216
234
236
234
234
14198
7214
7216
7216
7216
234
234
236
234
238
14192
7216
14196
8056
6376
234
234
236
234
236
234
234
234
7216
14196
236
19811
8581
7216
234
7216
234
234
234
7218
21176
7216
234
234
7216
234
2235
5217
234
234
234
236
234
7216
7216
7216
7214
236
234
236
7216
234
234
7216
234
236
234
236
234
7216
234
236
234
234
234
21178
14196
234
234
236
234
234
236
234
234
236
7214
236
7214
236
14196
234
236
14196
7216
234
234
236
234
236
11610
2820
236
234
234
236
7220
230
234
236
234
7214
236
234
234
238
232
1456
5994
7216
234
234
236
7216
234
7216
234
7216
234
236
234
234
7216
236
7216
234
234
234
5823
1629
234
234
234
236
234
7216
7216
7214
7216
234
7216
234
236
7216
7214
236
234
236
7214
236
234
234
236
234
236
7214
14196
236
234
7216
234
236
234
234
234
14196
236
234
7216
234
7216
236
234
234
234
236
234
236
234
236
2068
5380
236
7147
303
234
236
234
236
232
236
234
7216
7216
234
236
232
236
236
234
7216
234
234
234
7220
232
234
12210
2220
1852
5600
234
234
7216
4058
3392
7216
234
236
7214
236
236
14196
234
234
236
14196
234
236
234
236
232
236
7216
7214
236
234
236
234
234
7216
236
234
7214
236
14196
236
234
234
236
234
7216
14196
240
7210
234
7216
234
7216
234
236
234
234
236
234
236
7214
236
234
240
230
7214
236
7214
236
234
7216
7216
7214
236
7216
7214
236
234
4034
10396
236
234
236
234
234
7216
7216
2957
11473
14196
7216
236
234
7216
7216
234
7214
236
234
7216
234
236
234
234
7216
7216
236
234
234
234
14196
236
234
236
234
234
234
236
234
7216
234
7216
236
234
236
232
236
7216
7214
236
234
7216
234
234
14198
234
236
21389
13983
7216
234
7216
234
236
7216
234
234
236
234
21176
15484
5928
234
236
7216
16113
5299
234
234
234
236
234
234
236
234
236
7214
236
234
7216
234
234
7669
13743
7218
234
234
234
234
236
234
236
234
236
232
236
7216
234
236
234
236
234
7214
7216
7216
7216
1828
5622
7216
234
236
234
236
232
236
234
236
234
7214
236
234
236
234
236
234
234
7216
234
236
234
4690
9742
234
18984
9408
236
234
234
11904
9508
236
234
234
234
7216
7216
234
7216
236
234
234
236
234
7216
234
234
236
7214
7218
232
236
14196
234
236
2715
4735
7216
234
8328
13084
7216
7216
234
234
236
234
14196
4106
3346
234
234
14196
236
234
234
20386
8006
236
7216
234
236
7214
236
234
236
232
236
7216
7214
7216
236
234
7216
14196
7216
234
236
14196
238
230
236
234
7216
7216
234
7216
234
234
236
7216
234
234
7216
234
234
236
7216
234
7216
7216
7214
234
14198
7216
234
7216
234
7216
7216
234
234
236
234
234
236
234
236
7214
14196
236
234
7216
7214
7216
234
236
234
234
236
7214
236
7216
7216
234
7216
7216
