0
0
0
0
0
0
0
0
0
0
0
0
0
0
0
0
0
0
0
0
0
0
0
0
0
0
0
0
0
0
0
0
0
0
0
0
0
0
0
0
0
0
0
0
0
0
0
0
0
0
0
0
0
0
0
0
0
0
0
0
0
0
0
0
0
0
0
0
0
0
0
0
0
0
0
0
0
0
0
0
0
0
0
0
0
0
0
0
0
0
0
0
0
0
0
0
0
0
0
0
0
0
0
0
0
0
0
0
0
0
0
0
0
0
0
0
0
0
0
0
0
0
0
0
0
0
0
0
0
0
0
0
0
0
0
0
0
0
0
0
0
0
0
0
0
0
0
0
0
0
0
0
0
0
0
0
0
0
0
0
0
0
0
0
0
0
0
0
0
0
0
0
0
0
0
0
0
0
0
0
0
0
0
0
0
0
0
0
0
0
0
0
0
0
0
0
0
0
0
0
0
0
0
0
0
0
0
0
0
0
0
0
0
0
0
0
0
0
0
0
0
0
0
0
0
0
0
0
0
0
0
0
0
0
0
0
0
0
0
0
0
0
0
0
0
0
0
0
0
0
0
0
0
0
0
0
0
0
0
0
0
0
0
0
345
0
0
345
0
690
0
345
0
0
0
0
0
345
345
345
0
0
345
0
0
345
0
345
0
345
0
345
0
345
0
0
345
0
0
12
678
0
345
0
690
0
0
345
345
0
0
345
0
0
0
0
0
0
345
345
0
345
0
0
0
0
0
345
0
345
0
0
345
0
12
333
345
0
345
690
690
0
0
0
0
0
0
0
0
345
0
345
0
345
345
0
0
0
0
345
0
345
0
0
0
0
0
0
0
0
0
0
690
0
0
0
345
345
0
0
1035
0
629
61
348
342
345
0
345
0
345
345
0
0
0
345
690
690
0
0
0
0
690
690
345
0
345
0
690
0
345
0
0
0
345
345
690
0
0
0
0
0
0
0
345
0
0
345
345
0
0
0
0
690
345
345
345
345
0
0
0
0
0
690
345
690
357
333
0
0
0
0
0
0
0
0
345
690
0
1009
371
345
0
345
0
0
0
345
1035
345
0
0
345
0
134
211
0
0
0
0
0
345
345
345
345
0
0
0
345
0
0
345
0
0
0
0
0
345
0
0
0
0
0
1035
690
0
0
0
0
0
0
0
0
0
345
0
345
0
690
0
0
690
345
0
0
0
0
0
627
63
0
0
0
0
345
0
0
0
0
345
0
0
0
0
0
58
287
345
0
0
0
345
0
345
0
345
0
0
0
0
345
0
345
0
0
0
319
26
0
0
0
0
0
345
345
345
345
0
345
0
0
345
345
0
0
0
345
0
0
0
0
0
0
345
690
0
0
345
0
0
0
0
0
690
0
0
345
0
345
0
0
0
0
0
0
0
0
0
123
222
0
345
0
0
0
0
0
0
0
0
345
345
0
0
0
0
0
0
345
0
0
0
345
0
0
652
38
118
227
0
0
345
261
84
345
0
0
345
0
0
690
0
0
0
690
0
0
0
0
0
0
345
345
0
0
0
0
0
345
0
0
345
0
690
0
0
0
0
0
345
690
0
345
0
345
0
345
0
0
0
0
0
0
0
345
0
0
0
0
345
0
345
0
0
345
345
345
0
345
345
0
0
257
433
0
0
0
0
0
345
345
213
477
690
345
0
0
345
345
0
345
0
0
345
0
0
0
0
345
345
0
0
0
0
690
0
0
0
0
0
0
0
0
345
0
345
0
0
0
0
0
345
345
0
0
345
0
0
690
0
0
1038
687
345
0
345
0
0
345
0
0
0
0
1035
758
277
0
0
345
813
222
0
0
0
0
0
0
0
0
0
345
0
0
345
0
0
353
682
345
0
0
0
0
0
0
0
0
0
0
0
345
0
0
0
0
0
345
345
345
345
113
232
345
0
0
0
0
0
0
0
0
0
345
0
0
0
0
0
0
0
345
0
0
0
284
406
0
981
399
0
0
0
630
405
0
0
0
0
345
345
0
345
0
0
0
0
0
345
0
0
0
345
345
0
0
690
0
0
208
137
345
0
383
652
345
345
0
0
0
0
690
265
80
0
0
690
0
0
0
1026
354
0
345
0
0
345
0
0
0
0
0
345
345
345
0
0
345
690
345
0
0
690
0
0
0
0
345
345
0
345
0
0
0
345
0
0
345
0
0
0
345
0
345
345
345
0
690
345
0
345
0
345
345
0
0
0
0
0
0
0
0
345
690
0
0
345
345
345
0
0
0
0
0
345
0
345
345
0
345
345
