419
417
417
416
417
417
416
417
417
416
417
417
416
417
417
416
417
417
416
417
417
416
417
417
416
417
417
416
417
417
416
417
417
416
417
417
416
417
417
416
417
417
416
417
417
416
417
417
416
417
417
416
417
417
416
417
417
416
417
417
416
417
417
416
417
417
416
417
417
416
417
417
416
417
417
416
417
417
416
417
417
416
417
417
416
417
417
416
417
417
416
417
417
416
417
417
416
417
417
416
417
417
416
417
417
416
417
417
416
417
417
416
417
417
416
417
417
416
417
417
416
417
417
416
417
417
416
417
417
416
417
417
416
417
417
416
417
417
416
417
417
416
417
417
416
417
417
416
417
417
416
417
417
416
417
417
416
417
417
416
417
417
416
417
417
416
417
417
416
417
417
416
417
417
416
417
417
416
417
417
416
417
417
416
417
417
416
417
417
416
417
417
416
417
417
416
417
417
416
417
417
416
417
417
416
417
417
416
417
417
416
417
417
416
417
417
416
417
417
416
417
417
416
417
417
416
417
417
416
417
417
416
417
417
416
417
417
416
417
417
416
417
417
416
417
417
416
417
417
416
417
417
416
417
417
602
890
890
882
889
889
895
1522
1532
1370
1530
1491
1421
1471
1308
1524
1375
1523
1491
1523
1482
1522
1418
1377
1406
1492
1522
1411
1488
1531
1378
1523
1375
1524
1416
1482
1410
1489
1417
1482
1522
1418
1491
1515
1489
1302
1493
1406
1532
1262
1521
1493
1416
1389
1511
1522
1377
1521
1493
1522
1491
1524
1480
1418
1416
1486
1413
1482
1526
1511
1499
1523
1380
1528
1377
1523
1491
1407
1532
1482
1418
1377
1522
1416
1262
1303
1491
1512
1492
1531
1523
1482
1522
1493
1406
1493
1415
1524
1377
1406
1492
1522
1493
1522
1415
1483
1417
1482
1522
1493
1522
1491
1522
1523
1491
1523
1481
1302
1493
1522
1491
1407
1418
1491
1522
1188
1491
1352
1433
1419
1364
1418
1521
1377
1525
1383
1408
1521
1493
1522
1377
1302
1302
1491
1522
1482
1526
1268
1302
1407
1493
1406
1493
1301
1522
1377
1532
1482
1522
1377
1418
1300
1486
1529
1482
1522
1493
1522
1521
1377
1531
1483
1407
1380
1529
1523
1491
1521
1264
1416
1407
1377
1418
1480
1523
1492
1522
1504
1289
1411
1268
1407
1418
1490
1523
1482
1523
1492
1522
1491
1523
1406
1272
1523
1224
1339
1418
1491
1408
1491
1522
1522
1378
1186
1377
1522
1531
1378
1512
1486
1424
1491
1512
1532
1491
1523
1367
1417
1377
1416
1523
1491
1524
1377
1521
1491
1411
1528
1482
1523
1492
1522
1377
1522
1493
1522
1521
1492
1188
1261
1522
1531
1483
1522
1492
1523
1491
1515
1489
1417
1523
1376
1522
1272
1521
1483
1305
1414
1491
1522
1486
1529
1482
1362
1465
1489
1522
1491
1524
1399
1499
1522
1493
1522
1375
1524
1491
1522
1493
1520
1522
1378
1408
1491
1522
1482
1418
1521
1377
1532
1370
1529
1482
1522
1531
1378
1523
1377
1522
1491
1522
1445
1455
1522
1491
1522
1482
1522
1377
1418
1416
1377
1522
1376
1523
1523
1377
1415
1483
1522
1493
1415
1524
1491
1522
1482
1522
1493
1407
1301
1493
1522
1377
1521
1493
1522
1491
1522
1302
1482
1522
1377
1532
1407
1493
1522
1491
1522
1486
1518
1493
1522
1493
1506
1422
1492
1419
1480
1522
1493
1522
1491
1522
1523
1491
1407
1377
1522
1493
1521
1522
1493
1522
1377
1522
1491
1522
1389
1511
1522
1311
1481
1480
1421
1521
1492
1407
1447
1452
1380
1529
1523
1375
1523
1493
1302
1480
1526
1530
1261
1521
1493
1522
1493
1520
1486
1414
1416
1482
1526
1489
1522
1491
1411
1530
1491
1406
1486
1308
1483
1521
1526
1489
1522
1377
1302
1515
1383
1532
1377
1522
1377
1522
1523
1491
1522
1483
1531
1483
1407
1492
1522
1524
1490
1416
1483
1416
1483
1531
1408
1377
1416
1486
1415
1375
1523
1522
1447
1346
1483
1531
1483
1522
1525
1383
1408
1461
1332
1302
1377
1523
1491
1407
1418
1491
1407
1491
1523
1377
1521
1483
1522
1532
1376
1408
1493
1522
1490
1523
1302
1482
1522
1493
1522
1491
1522
1482
1523
1417
1491
1407
1493
1522
1493
1520
1523
1377
1416
1482
1523
1380
1518
1532
1263
1521
1493
1199
1289
1377
1532
1377
1515
1530
1377
1521
1491
1524
1491
1186
1301
1379
1521
1482
1418
1286
1393
1522
1491
1522
1482
1523
1532
1481
1522
1493
1417
1491
1512
1418
1492
1521
1379
1300
1377
1523
1522
1491
1522
1482
1523
1492
1522
1493
1521
1522
1377
1521
1493
1522
1493
1522
1376
1416
1408
1377
1518
1384
1414
1521
1493
1522
1493
1520
1483
1531
1483
1522
1417
1491
1523
1482
1522
1493
1522
1491
1407
1532
1482
1522
1437
1358
1491
1238
1359
1489
1522
1491
1351
1358
1493
1522
1492
1521
1377
1408
1532
1376
1523
1491
1523
1481
1522
1418
1492
1521
1482
1418
1378
1520
1523
1265
1528
1482
1503
1400
1414
1521
1387
1292
1377
1418
1521
1492
1523
1491
1292
1487
1423
1522
1481
1305
1489
1522
1491
1214
1390
1482
1418
1522
1492
1406
1493
1522
1493
1520
1483
1417
1416
1377
1523
1491
1407
1302
1377
1525
1489
1303
1503
1510
1523
1491
1407
1377
1531
1408
1491
1523
1491
1409
1481
1531
1378
1522
1522
1491
1409
1491
1408
1377
1416
1521
1263
1418
1482
1416
1522
1380
1414
1491
1522
1486
1518
1532
1483
1531
1483
1407
1272
1523
1521
1377
1417
1376
1522
1483
1531
1522
1482
1418
1491
1408
1377
1522
1417
1377
