5838
5834
5834
5832
5834
5834
5832
5834
5834
5832
5834
5834
5832
5834
5834
5832
5834
5834
5832
5834
5834
5832
5834
5834
5832
5834
5834
5832
5834
5834
5832
5834
5834
5832
5834
5834
5832
5834
5834
5832
5834
5834
5832
5834
5834
5832
5834
5834
5832
5834
5834
5832
5834
5834
5832
5834
5834
5832
5834
5834
5832
5834
5834
5832
5834
5834
5832
5834
5834
5832
5834
5834
5832
5834
5834
5832
5834
5834
5832
5834
5834
5832
5834
5834
5832
5834
5834
5832
5834
5834
5832
5834
5834
5832
5834
5834
5832
5834
5834
5832
5834
5834
5832
5834
5834
5832
5834
5834
5832
5834
5834
5832
5834
5834
5832
5834
5834
5832
5834
5834
5832
5834
5834
5832
5834
5834
5832
5834
5834
5832
5834
5834
5832
5834
5834
5832
5834
5834
5832
5834
5834
5832
5834
5834
5832
5834
5834
5832
5834
5834
5832
5834
5834
5832
5834
5834
5832
5834
5834
5832
5834
5834
5832
5834
5834
5832
5834
5834
5832
5834
5834
5832
5834
5834
5832
5834
5834
5832
5834
5834
5832
5834
5834
5832
5834
5834
5832
5834
5834
5832
5834
5834
5832
5834
5834
5832
5834
5834
5832
5834
5834
5832
5834
5834
5832
5834
5834
5832
5834
5834
5832
5834
5834
5832
5834
5834
5832
5834
5834
5832
5834
5834
5832
5834
5834
5832
5834
5834
5832
5834
5834
5832
5834
5834
5832
5834
5834
5832
5834
5834
5832
5834
5834
5832
5834
5834
5832
5834
5834
5832
5834
5834
5832
5834
5834
6332
7104
7103
7085
7102
7102
7134
9214
9244
9671
9244
9120
9816
9072
10407
9234
9696
9214
9108
9232
9094
9214
9822
9700
9786
9126
9214
9798
9114
9228
9715
9219
9696
9217
9816
9097
9791
9123
9820
9094
9214
9822
9122
9185
9100
10419
9126
9786
9244
10278
9212
9126
9818
9734
9182
9214
9700
9212
9126
9214
9122
9217
9091
9822
9818
9097
9817
9094
9217
9187
9148
9214
9703
9241
9700
9216
9122
9790
9244
9072
9844
9699
9215
9818
10274
10399
9120
9185
9126
9226
9232
9094
9214
9126
9788
9126
9800
9234
9700
9786
9126
9214
9126
9214
9800
9112
9820
9094
9214
9126
9214
9122
9214
9216
9122
9214
9094
10396
9126
9214
9122
9790
9822
9122
9214
10974
9122
10423
9069
9801
9687
9822
9212
9700
9215
9711
9808
9212
9126
9214
9700
10396
10396
9119
9217
9094
9217
10303
10396
9790
9125
9789
9126
10392
9216
9700
9244
9094
9214
9700
9822
10392
9097
9240
9097
9214
9125
9215
9212
9700
9226
9112
9788
9703
9240
9219
9122
9196
10296
9818
9790
9700
9821
9091
9214
9126
9214
9158
10360
9793
10303
9768
9844
9104
9232
9094
9214
9126
9214
9122
9214
9790
10306
9216
11038
9632
9822
9122
9791
9120
9217
9212
9703
10971
9700
9212
9228
9715
9185
9467
9480
9120
9185
9244
9108
9232
9668
9822
9700
9818
9216
9122
9217
9701
9212
9122
9793
9241
9094
9214
9126
9214
9700
9214
9125
9215
9212
9122
10976
10274
9214
9226
9112
9214
9122
9218
9122
9185
9123
9820
9216
9696
9216
10303
9215
9094
10399
9819
9122
9214
9097
9240
9097
10453
9158
9123
9214
9122
9217
9765
9148
9214
9125
9215
9696
9217
9120
9217
9126
9194
9305
9627
9791
9120
9217
9094
9821
9213
9700
9244
9671
9240
9097
9214
9226
9715
9219
9700
9213
9120
9217
9858
9057
9215
9122
9214
9094
9214
9700
9822
9815
9703
9214
9682
9232
9216
9700
9800
9112
9214
9126
9800
9234
9122
9214
9094
9214
9126
9788
10396
9126
9214
9700
9212
9126
9214
9122
9214
10396
9094
9214
9700
9244
9790
9125
9215
9122
9214
9097
9211
9126
9214
9125
9472
9529
9126
9814
9100
9214
9125
9215
9122
9212
9218
9122
9790
9700
9214
9126
9210
9216
9126
9214
9700
9214
9122
9214
9734
9182
9214
10340
9160
9325
9609
9212
9122
9792
9703
9209
9703
9240
9219
9696
9216
9125
10397
9090
9217
9244
10275
9212
9126
9214
9126
9210
9097
9819
9818
9094
9217
9123
9214
9122
9793
9244
9120
9791
9097
10407
9112
9212
9217
9123
9214
9700
10396
9190
9722
9244
9700
9214
9700
9214
9216
9122
9214
9094
9228
9112
9788
9126
9214
9218
9120
9802
9112
9818
9094
9228
9808
9700
9818
9097
9821
9696
9216
9214
9697
9821
9094
9228
9112
9214
9215
9711
9808
9659
9859
10393
9703
9216
9122
9790
9822
9122
9788
9108
9232
9700
9196
9112
9214
9244
9682
9808
9126
9214
9104
9232
10396
9094
9214
9126
9214
9122
9214
9094
9214
9822
9122
9790
9126
9214
9125
9211
9216
9700
9818
9094
9214
9703
9211
9244
10278
9212
9126
10983
10383
9700
9241
9703
9185
9244
9701
9212
9122
9217
9120
10973
10493
9603
9214
9094
9822
10689
9407
9214
9122
9214
9094
9214
9244
9094
9214
9126
9818
9108
9200
9822
9122
9214
9681
10415
9700
9216
9214
9122
9214
9094
9214
9126
9214
9126
9210
9216
9700
9212
9126
9214
9126
9214
9696
9804
9808
9700
9417
9498
9819
9212
9126
9214
9125
9211
9094
9228
9112
9214
9818
9108
9232
9094
9214
9126
9214
9122
9790
9241
9097
9214
9757
9765
9122
11008
9755
9123
9214
9122
10424
9762
9126
9214
9122
9214
9700
9790
9244
9700
9216
9122
9214
9094
9214
9822
9122
9214
9094
9820
9703
9211
9216
10277
9241
9094
9695
9222
9819
9212
9765
10331
9700
9822
9212
9122
9218
9122
10364
9837
9110
9215
9090
10399
9123
9214
9122
11031
9761
9094
9822
9212
9126
9788
9126
9214
9125
9211
9094
9822
9818
9700
9216
9122
9790
10396
9700
9215
9123
10398
9156
9178
9218
9122
9790
9700
9226
9808
9122
9214
9108
9810
9090
9228
9715
9217
9212
9108
9810
9122
9791
9701
9818
9212
10278
9821
9095
9818
9212
9703
9819
9122
9214
9097
9211
9244
9094
9228
9112
9788
10306
9218
9212
9700
9818
9700
9214
9094
9228
9230
9094
9820
9108
9808
9700
9212
9822
9700
