1.1676
1.1668
1.1668
1.1664
1.1668
1.1668
1.1664
1.1668
1.1668
1.1664
1.1668
1.1668
1.1664
1.1668
1.1668
1.1664
1.1668
1.1668
1.1664
1.1668
1.1668
1.1664
1.1668
1.1668
1.1664
1.1668
1.1668
1.1664
1.1668
1.1668
1.1664
1.1668
1.1668
1.1664
1.1668
1.1668
1.1664
1.1668
1.1668
1.1664
1.1668
1.1668
1.1664
1.1668
1.1668
1.1664
1.1668
1.1668
1.1664
1.1668
1.1668
1.1664
1.1668
1.1668
1.1664
1.1668
1.1668
1.1664
1.1668
1.1668
1.1664
1.1668
1.1668
1.1664
1.1668
1.1668
1.1664
1.1668
1.1668
1.1664
1.1668
1.1668
1.1664
1.1668
1.1668
1.1664
1.1668
1.1668
1.1664
1.1668
1.1668
1.1664
1.1668
1.1668
1.1664
1.1668
1.1668
1.1664
1.1668
1.1668
1.1664
1.1668
1.1668
1.1664
1.1668
1.1668
1.1664
1.1668
1.1668
1.1664
1.1668
1.1668
1.1664
1.1668
1.1668
1.1664
1.1668
1.1668
1.1664
1.1668
1.1668
1.1664
1.1668
1.1668
1.1664
1.1668
1.1668
1.1664
1.1668
1.1668
1.1664
1.1668
1.1668
1.1664
1.1668
1.1668
1.1664
1.1668
1.1668
1.1664
1.1668
1.1668
1.1664
1.1668
1.1668
1.1664
1.1668
1.1668
1.1664
1.1668
1.1668
1.1664
1.1668
1.1668
1.1664
1.1668
1.1668
1.1664
1.1668
1.1668
1.1664
1.1668
1.1668
1.1664
1.1668
1.1668
1.1664
1.1668
1.1668
1.1664
1.1668
1.1668
1.1664
1.1668
1.1668
1.1664
1.1668
1.1668
1.1664
1.1668
1.1668
1.1664
1.1668
1.1668
1.1664
1.1668
1.1668
1.1664
1.1668
1.1668
1.1664
1.1668
1.1668
1.1664
1.1668
1.1668
1.1664
1.1668
1.1668
1.1664
1.1668
1.1668
1.1664
1.1668
1.1668
1.1664
1.1668
1.1668
1.1664
1.1668
1.1668
1.1664
1.1668
1.1668
1.1664
1.1668
1.1668
1.1664
1.1668
1.1668
1.1664
1.1668
1.1668
1.1664
1.1668
1.1668
1.1664
1.1668
1.1668
1.1664
1.1668
1.1668
1.1664
1.1668
1.1668
1.1664
1.1668
1.1668
1.1664
1.1668
1.1668
1.1664
1.1668
1.1668
1.1664
1.1668
1.1668
1.1664
1.1668
1.1668
1.1664
1.1668
1.1668
1.1664
1.1668
1.1668
1.1664
1.1668
1.1668
1.1664
1.1668
1.1668
1.1664
1.1668
1.1668
1.2664
1.4208
1.4206
1.417
1.4204
1.4204
1.4268
1.8428
1.8488
1.9342
1.8488
1.824
1.9632
1.8144
2.0814
1.8468
1.9392
1.8428
1.8216
1.8464
1.8188
1.8428
1.9644
1.94
1.9572
1.8252
1.8428
1.9596
1.8228
1.8456
1.943
1.8438
1.9392
1.8434
1.9632
1.8194
1.9582
1.8246
1.964
1.8188
1.8428
1.9644
1.8244
1.837
1.82
2.0838
1.8252
1.9572
1.8488
2.0556
1.8424
1.8252
1.9636
1.9468
1.8364
1.8428
1.94
1.8424
1.8252
1.8428
1.8244
1.8434
1.8182
1.9644
1.9636
1.8194
1.9634
1.8188
1.8434
1.8374
1.8296
1.8428
1.9406
1.8482
1.94
1.8432
1.8244
1.958
1.8488
1.8144
1.9688
1.9398
1.843
1.9636
2.0548
2.0798
1.824
1.837
1.8252
1.8452
1.8464
1.8188
1.8428
1.8252
1.9576
1.8252
1.96
1.8468
1.94
1.9572
1.8252
1.8428
1.8252
1.8428
1.96
1.8224
1.964
1.8188
1.8428
1.8252
1.8428
1.8244
1.8428
1.8432
1.8244
1.8428
1.8188
2.0792
1.8252
1.8428
1.8244
1.958
1.9644
1.8244
1.8428
2.1948
1.8244
2.0846
1.8138
1.9602
1.9374
1.9644
1.8424
1.94
1.843
1.9422
1.9616
1.8424
1.8252
1.8428
1.94
2.0792
2.0792
1.8238
1.8434
1.8188
1.8434
2.0606
2.0792
1.958
1.825
1.9578
1.8252
2.0784
1.8432
1.94
1.8488
1.8188
1.8428
1.94
1.9644
2.0784
1.8194
1.848
1.8194
1.8428
1.825
1.843
1.8424
1.94
1.8452
1.8224
1.9576
1.9406
1.848
1.8438
1.8244
1.8392
2.0592
1.9636
1.958
1.94
1.9642
1.8182
1.8428
1.8252
1.8428
1.8316
2.072
1.9586
2.0606
1.9536
1.9688
1.8208
1.8464
1.8188
1.8428
1.8252
1.8428
1.8244
1.8428
1.958
2.0612
1.8432
2.2076
1.9264
1.9644
1.8244
1.9582
1.824
1.8434
1.8424
1.9406
2.1942
1.94
1.8424
1.8456
1.943
1.837
1.8934
1.896
1.824
1.837
1.8488
1.8216
1.8464
1.9336
1.9644
1.94
1.9636
1.8432
1.8244
1.8434
1.9402
1.8424
1.8244
1.9586
1.8482
1.8188
1.8428
1.8252
1.8428
1.94
1.8428
1.825
1.843
1.8424
1.8244
2.1952
2.0548
1.8428
1.8452
1.8224
1.8428
1.8244
1.8436
1.8244
1.837
1.8246
1.964
1.8432
1.9392
1.8432
2.0606
1.843
1.8188
2.0798
1.9638
1.8244
1.8428
1.8194
1.848
1.8194
2.0906
1.8316
1.8246
1.8428
1.8244
1.8434
1.953
1.8296
1.8428
1.825
1.843
1.9392
1.8434
1.824
1.8434
1.8252
1.8388
1.861
1.9254
1.9582
1.824
1.8434
1.8188
1.9642
1.8426
1.94
1.8488
1.9342
1.848
1.8194
1.8428
1.8452
1.943
1.8438
1.94
1.8426
1.824
1.8434
1.9716
1.8114
1.843
1.8244
1.8428
1.8188
1.8428
1.94
1.9644
1.963
1.9406
1.8428
1.9364
1.8464
1.8432
1.94
1.96
1.8224
1.8428
1.8252
1.96
1.8468
1.8244
1.8428
1.8188
1.8428
1.8252
1.9576
2.0792
1.8252
1.8428
1.94
1.8424
1.8252
1.8428
1.8244
1.8428
2.0792
1.8188
1.8428
1.94
1.8488
1.958
1.825
1.843
1.8244
1.8428
1.8194
1.8422
1.8252
1.8428
1.825
1.8944
1.9058
1.8252
1.9628
1.82
1.8428
1.825
1.843
1.8244
1.8424
1.8436
1.8244
1.958
1.94
1.8428
1.8252
1.842
1.8432
1.8252
1.8428
1.94
1.8428
1.8244
1.8428
1.9468
1.8364
1.8428
2.068
1.832
1.865
1.9218
1.8424
1.8244
1.9584
1.9406
1.8418
1.9406
1.848
1.8438
1.9392
1.8432
1.825
2.0794
1.818
1.8434
1.8488
2.055
1.8424
1.8252
1.8428
1.8252
1.842
1.8194
1.9638
1.9636
1.8188
1.8434
1.8246
1.8428
1.8244
1.9586
1.8488
1.824
1.9582
1.8194
2.0814
1.8224
1.8424
1.8434
1.8246
1.8428
1.94
2.0792
1.838
1.9444
1.8488
1.94
1.8428
1.94
1.8428
1.8432
1.8244
1.8428
1.8188
1.8456
1.8224
1.9576
1.8252
1.8428
1.8436
1.824
1.9604
1.8224
1.9636
1.8188
1.8456
1.9616
1.94
1.9636
1.8194
1.9642
1.9392
1.8432
1.8428
1.9394
1.9642
1.8188
1.8456
1.8224
1.8428
1.843
1.9422
1.9616
1.9318
1.9718
2.0786
1.9406
1.8432
1.8244
1.958
1.9644
1.8244
1.9576
1.8216
1.8464
1.94
1.8392
1.8224
1.8428
1.8488
1.9364
1.9616
1.8252
1.8428
1.8208
1.8464
2.0792
1.8188
1.8428
1.8252
1.8428
1.8244
1.8428
1.8188
1.8428
1.9644
1.8244
1.958
1.8252
1.8428
1.825
1.8422
1.8432
1.94
1.9636
1.8188
1.8428
1.9406
1.8422
1.8488
2.0556
1.8424
1.8252
2.1966
2.0766
1.94
1.8482
1.9406
1.837
1.8488
1.9402
1.8424
1.8244
1.8434
1.824
2.1946
2.0986
1.9206
1.8428
1.8188
1.9644
2.1378
1.8814
1.8428
1.8244
1.8428
1.8188
1.8428
1.8488
1.8188
1.8428
1.8252
1.9636
1.8216
1.84
1.9644
1.8244
1.8428
1.9362
2.083
1.94
1.8432
1.8428
1.8244
1.8428
1.8188
1.8428
1.8252
1.8428
1.8252
1.842
1.8432
1.94
1.8424
1.8252
1.8428
1.8252
1.8428
1.9392
1.9608
1.9616
1.94
1.8834
1.8996
1.9638
1.8424
1.8252
1.8428
1.825
1.8422
1.8188
1.8456
1.8224
1.8428
1.9636
1.8216
1.8464
1.8188
1.8428
1.8252
1.8428
1.8244
1.958
1.8482
1.8194
1.8428
1.9514
1.953
1.8244
2.2016
1.951
1.8246
1.8428
1.8244
2.0848
1.9524
1.8252
1.8428
1.8244
1.8428
1.94
1.958
1.8488
1.94
1.8432
1.8244
1.8428
1.8188
1.8428
1.9644
1.8244
1.8428
1.8188
1.964
1.9406
1.8422
1.8432
2.0554
1.8482
1.8188
1.939
1.8444
1.9638
1.8424
1.953
2.0662
1.94
1.9644
1.8424
1.8244
1.8436
1.8244
2.0728
1.9674
1.822
1.843
1.818
2.0798
1.8246
1.8428
1.8244
2.2062
1.9522
1.8188
1.9644
1.8424
1.8252
1.9576
1.8252
1.8428
1.825
1.8422
1.8188
1.9644
1.9636
1.94
1.8432
1.8244
1.958
2.0792
1.94
1.843
1.8246
2.0796
1.8312
1.8356
1.8436
1.8244
1.958
1.94
1.8452
1.9616
1.8244
1.8428
1.8216
1.962
1.818
1.8456
1.943
1.8434
1.8424
1.8216
1.962
1.8244
1.9582
1.9402
1.9636
1.8424
2.0556
1.9642
1.819
1.9636
1.8424
1.9406
1.9638
1.8244
1.8428
1.8194
1.8422
1.8488
1.8188
1.8456
1.8224
1.9576
2.0612
1.8436
1.8424
1.94
1.9636
1.94
1.8428
1.8188
1.8456
1.846
1.8188
1.964
1.8216
1.9616
1.94
1.8424
1.9644
1.94
