419
417
417
416
417
417
416
417
417
416
417
417
416
417
417
416
417
417
416
417
417
416
417
417
416
417
417
416
417
417
416
417
417
416
417
417
416
417
417
416
417
417
416
417
417
416
417
417
416
417
417
416
417
417
416
417
417
416
417
417
416
417
417
416
417
417
416
417
417
416
417
417
416
417
417
416
417
417
416
417
417
416
417
417
416
417
417
416
417
417
416
417
417
416
417
417
416
417
417
416
417
417
416
417
417
416
417
417
416
417
417
416
417
417
416
417
417
416
417
417
416
417
417
416
417
417
416
417
417
416
417
417
416
417
417
416
417
417
416
417
417
416
417
417
416
417
417
416
417
417
416
417
417
416
417
417
416
417
417
416
417
417
416
417
417
416
417
417
416
417
417
416
417
417
416
417
417
416
417
417
416
417
417
416
417
417
416
417
417
416
417
417
416
417
417
416
417
417
416
417
417
416
417
417
416
417
417
416
417
417
416
417
417
416
417
417
416
417
417
416
417
417
416
417
417
416
417
417
416
417
417
416
417
417
416
417
417
416
417
417
416
417
417
416
417
417
416
417
417
416
417
417
416
417
417
602
890
889
883
889
889
895
1522
1531
1367
1533
1486
1410
1484
1303
1533
1375
1522
1483
1529
1485
1522
1418
1377
1405
1493
1522
1411
1487
1523
1381
1529
1375
1523
1411
1488
1406
1493
1414
1485
1522
1418
1488
1514
1476
1319
1493
1405
1532
1263
1521
1493
1416
1389
1511
1522
1377
1521
1493
1522
1491
1523
1481
1418
1416
1482
1416
1483
1522
1515
1499
1522
1377
1529
1379
1524
1491
1407
1529
1469
1434
1376
1523
1415
1262
1303
1486
1517
1493
1522
1529
1485
1522
1493
1406
1493
1406
1533
1377
1405
1493
1522
1493
1522
1406
1492
1416
1483
1522
1493
1522
1491
1519
1526
1491
1522
1482
1302
1493
1522
1488
1410
1418
1491
1519
1191
1491
1335
1450
1402
1381
1418
1521
1377
1521
1378
1417
1521
1493
1522
1377
1302
1302
1485
1527
1483
1522
1269
1304
1408
1492
1407
1493
1300
1523
1377
1529
1485
1522
1377
1418
1300
1482
1527
1488
1522
1492
1523
1521
1377
1522
1492
1406
1377
1527
1529
1490
1513
1273
1413
1410
1377
1417
1481
1522
1493
1522
1504
1289
1407
1269
1394
1434
1481
1529
1485
1522
1493
1522
1491
1522
1407
1271
1524
1208
1355
1418
1490
1408
1486
1527
1522
1378
1187
1377
1521
1523
1381
1517
1470
1440
1486
1517
1532
1483
1529
1369
1418
1377
1415
1524
1491
1523
1378
1521
1491
1407
1529
1485
1522
1493
1522
1377
1522
1492
1523
1521
1491
1189
1261
1522
1522
1492
1522
1491
1524
1488
1514
1493
1414
1526
1375
1523
1266
1527
1482
1302
1418
1490
1523
1482
1527
1488
1345
1478
1493
1522
1491
1523
1400
1499
1522
1492
1523
1375
1523
1486
1527
1494
1511
1514
1394
1408
1486
1527
1483
1417
1522
1377
1531
1367
1527
1488
1522
1522
1381
1529
1377
1521
1486
1527
1430
1470
1523
1490
1523
1482
1522
1377
1418
1410
1380
1525
1367
1529
1526
1377
1406
1492
1522
1493
1406
1533
1488
1525
1482
1522
1493
1406
1302
1493
1522
1377
1521
1493
1522
1491
1519
1304
1483
1522
1377
1531
1408
1492
1523
1490
1523
1482
1522
1493
1522
1492
1490
1438
1493
1407
1492
1522
1492
1523
1491
1521
1524
1488
1410
1377
1522
1493
1520
1523
1493
1522
1377
1522
1488
1525
1389
1511
1522
1294
1489
1472
1438
1521
1491
1408
1430
1468
1377
1527
1529
1375
1523
1492
1303
1480
1522
1533
1262
1521
1493
1522
1493
1520
1482
1418
1415
1483
1522
1493
1522
1491
1407
1533
1486
1412
1482
1303
1492
1521
1522
1493
1522
1377
1302
1515
1383
1532
1377
1519
1379
1523
1523
1488
1525
1482
1523
1492
1406
1493
1522
1524
1490
1407
1492
1416
1482
1523
1417
1377
1416
1482
1419
1375
1523
1522
1430
1363
1482
1523
1492
1522
1521
1378
1417
1444
1349
1296
1380
1526
1491
1407
1418
1488
1409
1483
1529
1379
1513
1492
1522
1532
1367
1417
1493
1522
1481
1529
1304
1483
1522
1493
1522
1491
1519
1485
1522
1418
1488
1410
1493
1522
1492
1521
1523
1377
1413
1485
1522
1377
1522
1532
1263
1521
1493
1182
1306
1377
1526
1380
1514
1533
1378
1521
1491
1523
1486
1192
1284
1395
1521
1483
1418
1273
1406
1522
1491
1519
1485
1522
1532
1482
1522
1493
1416
1483
1521
1418
1491
1521
1363
1317
1377
1523
1522
1491
1519
1485
1522
1493
1522
1493
1520
1523
1377
1521
1493
1522
1493
1522
1375
1408
1417
1377
1501
1397
1418
1521
1493
1522
1492
1521
1482
1523
1492
1522
1416
1483
1529
1485
1522
1493
1522
1491
1407
1526
1488
1522
1420
1375
1488
1224
1372
1493
1522
1491
1337
1372
1493
1522
1491
1521
1378
1407
1532
1374
1526
1491
1522
1482
1522
1418
1491
1521
1483
1417
1378
1521
1523
1261
1529
1485
1486
1413
1418
1521
1370
1309
1377
1418
1521
1491
1524
1488
1294
1471
1439
1523
1480
1302
1493
1522
1491
1197
1404
1485
1418
1521
1493
1406
1493
1522
1492
1521
1482
1418
1413
1379
1524
1491
1407
1302
1377
1521
1493
1303
1503
1509
1524
1488
1410
1377
1522
1417
1491
1522
1483
1418
1480
1523
1381
1527
1522
1483
1418
1490
1408
1378
1413
1524
1263
1417
1483
1416
1521
1377
1418
1490
1523
1482
1522
1532
1482
1523
1492
1406
1272
1524
1521
1377
1416
1374
1525
1482
1523
1530
1483
1417
1483
1417
1377
1521
1418
1377
