6674
6667
6668
6665
6667
6668
6665
6667
6668
6665
6667
6668
6665
6667
6668
6665
6667
6668
6665
6667
6668
6665
6667
6668
6665
6667
6668
6665
6667
6668
6665
6667
6668
6665
6667
6668
6665
6667
6668
6665
6667
6668
6665
6667
6668
6665
6667
6668
6665
6667
6668
6665
6667
6668
6665
6667
6668
6665
6667
6668
6665
6667
6668
6665
6667
6668
6665
6667
6668
6665
6667
6668
6665
6667
6668
6665
6667
6668
6665
6667
6668
6665
6667
6668
6665
6667
6668
6665
6667
6668
6665
6667
6668
6665
6667
6668
6665
6667
6668
6665
6667
6668
6665
6667
6668
6665
6667
6668
6665
6667
6668
6665
6667
6668
6665
6667
6668
6665
6667
6668
6665
6667
6668
6665
6667
6668
6665
6667
6668
6665
6667
6668
6665
6667
6668
6665
6667
6668
6665
6667
6668
6665
6667
6668
6665
6667
6668
6665
6667
6668
6665
6667
6668
6665
6667
6668
6665
6667
6668
6665
6667
6668
6665
6667
6668
6665
6667
6668
6665
6667
6668
6665
6667
6668
6665
6667
6668
6665
6667
6668
6665
6667
6668
6665
6667
6668
6665
6667
6668
6665
6667
6668
6665
6667
6668
6665
6667
6668
6665
6667
6668
6665
6667
6668
6665
6667
6668
6665
6667
6668
6665
6667
6668
6665
6667
6668
6665
6667
6668
6665
6667
6668
6665
6667
6668
6665
6667
6668
6665
6667
6668
6665
6667
6668
6665
6667
6668
6665
6667
6668
6665
6667
6668
6665
6667
6668
6665
6667
6668
6665
6667
6668
6665
6667
6668
7217
8074
8075
8046
8072
8071
8111
10627
10663
10892
10665
10508
11091
10430
11505
10649
10920
10627
10498
10646
10477
10628
11079
10926
11034
10517
10627
11050
10500
10648
10943
10632
10920
10634
11071
10479
11042
10512
11076
10477
10628
11079
10510
10593
10489
11512
10516
11034
10663
11343
10624
10516
11073
10967
10590
10627
10927
10624
10516
10627
10510
10634
10471
11079
11073
10482
11072
10477
10632
10590
10546
10627
10931
10659
10926
10630
10510
11041
10663
10454
11102
10927
10627
11073
11336
11496
10508
10590
10517
10644
10646
10477
10628
10516
11037
10516
11055
10649
10926
11034
10517
10627
10516
10627
11055
10496
11076
10477
10628
10516
10627
10510
10628
10630
10510
10627
10478
11489
10516
10628
10510
11040
11079
10510
10628
11905
10510
11583
10387
11062
10902
11079
10624
10927
10628
10942
11059
10624
10517
10627
10926
11489
11490
10508
10629
10477
10632
11371
11489
11040
10517
11037
10516
11483
10631
10926
10663
10477
10628
10926
11079
11483
10482
10660
10479
10628
10516
10627
10624
10927
10644
10496
11037
10931
10660
10632
10510
10609
11361
11073
11041
10926
11079
10471
10627
10517
10627
10552
11447
11045
11371
11017
11102
10492
10646
10477
10627
10517
10627
10510
10627
11041
11375
10630
12015
10811
11079
10510
11044
10508
10629
10624
10933
11899
10926
10624
10648
10943
10590
10825
10771
10508
10590
10663
10498
10646
10887
11080
10926
11073
10630
10510
10634
10926
10624
10510
11045
10659
10477
10627
10517
10627
10926
10628
10516
10627
10625
10509
11909
11336
10628
10644
10496
10628
10509
10634
10510
10593
10512
11076
10630
10920
10631
11373
10626
10477
11494
11075
10510
10627
10482
10660
10479
11619
10499
10512
10627
10510
10634
11005
10545
10628
10516
10627
10920
10634
10508
10629
10516
10606
10703
10869
11044
10508
10629
10477
11080
10624
10926
10663
10892
10660
10479
10627
10645
10943
10632
10926
10628
10508
10629
11156
10401
10627
10510
10627
10478
10627
10926
11080
11071
10928
10627
10908
10646
10630
10926
11055
10496
10627
10516
11055
10649
10510
10627
10478
10627
10516
11037
11490
10516
10627
10927
10624
10516
10627
10510
10628
11489
10477
10628
10926
10663
11040
10517
10627
10510
10627
10482
10623
10516
10628
10516
10853
10808
10517
11082
10471
10628
10516
10627
10511
10623
10634
10510
11041
10926
10627
10516
10621
10631
10516
10627
10926
10628
10510
10627
10967
10590
10627
11463
10518
10688
10887
10624
10510
11044
11014
10536
10931
10660
10632
10920
10631
10516
11489
10471
10632
10665
11336
10624
10517
10627
10516
10621
10482
11075
11073
10477
10632
10512
10627
10510
11045
10665
10508
11039
10482
11505
10495
10625
10632
10512
10627
10927
11489
10595
10955
10663
10926
10628
10926
10627
10631
10510
10627
10477
10648
10496
11037
10517
10627
10632
10509
11057
10496
11073
10477
10648
11059
10926
11073
10482
11078
10920
10631
10627
11008
10991
10477
10648
10496
10628
10628
10942
11059
10994
11005
11488
10928
10630
10510
11041
11079
10510
11037
10498
10646
10926
10609
10496
10627
10663
10908
11059
10516
10627
10492
10646
11489
10477
10628
10516
10627
10510
10628
10477
10627
11080
10510
11040
10516
10628
10516
10621
10631
10926
11073
10477
10627
10931
10623
10663
11343
10624
10516
11924
11465
10926
10661
10928
10593
10665
10926
10624
10510
10634
10508
11901
11570
10845
10628
10477
11080
11746
10669
10627
10510
10628
10477
10627
10663
10478
10627
10517
11072
10498
10607
11080
10509
10628
10911
11504
10927
10630
10627
10510
10628
10477
10627
10517
10627
10516
10621
10631
10926
10624
10517
10627
10516
10627
10920
11061
11059
10926
10809
10746
11075
10624
10516
10628
10516
10621
10477
10648
10496
10628
11072
10498
10646
10478
10627
10516
10627
10510
11041
10661
10479
10628
11055
10950
10510
12001
10943
10512
10627
10510
11579
10951
10516
10628
10509
10628
10926
11040
10663
10927
10630
10510
10627
10478
10627
11080
10509
10628
10477
11076
10933
10621
10631
11340
10659
10477
11064
10494
11075
10624
10983
11433
10926
11079
10625
10509
10634
10510
11450
11179
10417
10627
10471
11494
10512
10627
10510
11999
10980
10477
11079
10624
10517
11037
10516
10628
10516
10621
10477
11080
11073
10926
10630
10510
11041
11489
10926
10629
10512
11492
10551
10583
10634
10510
11041
10926
10644
11059
10510
10627
10498
11062
10471
10648
10943
10629
10624
10498
11062
10510
11044
10926
11073
10624
11343
11079
10477
11073
10624
10931
11075
10510
10627
10482
10623
10663
10477
10648
10496
11037
11375
10634
10624
10927
11072
10927
10627
10477
10648
10643
10477
11076
10498
11059
10926
10624
11080
10926
