2502
2501
2500
2499
2501
2500
2499
2501
2500
2499
2501
2500
2499
2501
2500
2499
2501
2500
2499
2501
2500
2499
2501
2500
2499
2501
2500
2499
2501
2500
2499
2501
2500
2499
2501
2500
2499
2501
2500
2499
2501
2500
2499
2501
2500
2499
2501
2500
2499
2501
2500
2499
2501
2500
2499
2501
2500
2499
2501
2500
2499
2501
2500
2499
2501
2500
2499
2501
2500
2499
2501
2500
2499
2501
2500
2499
2501
2500
2499
2501
2500
2499
2501
2500
2499
2501
2500
2499
2501
2500
2499
2501
2500
2499
2501
2500
2499
2501
2500
2499
2501
2500
2499
2501
2500
2499
2501
2500
2499
2501
2500
2499
2501
2500
2499
2501
2500
2499
2501
2500
2499
2501
2500
2499
2501
2500
2499
2501
2500
2499
2501
2500
2499
2501
2500
2499
2501
2500
2499
2501
2500
2499
2501
2500
2499
2501
2500
2499
2501
2500
2499
2501
2500
2499
2501
2500
2499
2501
2500
2499
2501
2500
2499
2501
2500
2499
2501
2500
2499
2501
2500
2499
2501
2500
2499
2501
2500
2499
2501
2500
2499
2501
2500
2499
2501
2500
2499
2501
2500
2499
2501
2500
2499
2501
2500
2499
2501
2500
2499
2501
2500
2499
2501
2500
2499
2501
2500
2499
2501
2500
2499
2501
2500
2499
2501
2500
2499
2501
2500
2499
2501
2500
2499
2501
2500
2499
2501
2500
2499
2501
2500
2499
2501
2500
2499
2501
2500
2499
2501
2500
2499
2501
2500
2499
2501
2500
2499
2501
2500
2499
2501
2500
2499
2501
2500
2567
2659
2667
2658
2659
2666
2674
3084
3093
3470
3089
3071
3511
3042
3901
3083
3472
3087
3071
3084
3062
3085
3495
3472
3489
3069
3083
3485
3076
3092
3473
3082
3474
3086
3494
3059
3494
3066
3496
3059
3088
3495
3071
3081
3080
3881
3072
3489
3091
3873
3085
3072
3493
3473
3084
3086
3472
3083
3072
3086
3070
3086
3062
3495
3493
3067
3491
3064
3088
3076
3075
3087
3475
3089
3472
3085
3070
3485
3094
3073
3484
3474
3083
3494
3877
3896
3071
3078
3069
3093
3084
3062
3085
3072
3486
3072
3495
3083
3472
3489
3069
3083
3072
3086
3495
3060
3496
3061
3086
3072
3086
3070
3086
3083
3070
3087
3061
3897
3072
3084
3072
3485
3495
3070
3086
4297
3070
3888
3073
3505
3455
3495
3082
3475
3088
3478
3483
3087
3070
3084
3472
3899
3895
3073
3083
3064
3088
3880
3895
3487
3072
3484
3072
3898
3082
3472
3094
3059
3088
3472
3495
3897
3067
3090
3060
3087
3072
3083
3081
3477
3093
3060
3491
3475
3090
3082
3071
3087
3874
3494
3486
3473
3495
3062
3087
3069
3083
3073
3896
3490
3880
3496
3484
3072
3084
3062
3087
3069
3085
3070
3087
3484
3884
3085
4319
3450
3495
3071
3489
3071
3083
3086
3473
4295
3471
3090
3092
3473
3078
3274
3290
3071
3078
3091
3071
3084
3467
3492
3472
3495
3085
3070
3086
3472
3085
3070
3490
3089
3062
3087
3069
3083
3476
3084
3072
3083
3085
3072
4298
3876
3084
3093
3060
3087
3072
3084
3071
3081
3066
3496
3083
3475
3082
3885
3082
3066
3898
3490
3071
3085
3067
3090
3058
3896
3092
3066
3087
3070
3086
3478
3079
3084
3072
3083
3474
3086
3071
3083
3066
3091
3167
3389
3489
3071
3083
3064
3495
3081
3473
3093
3470
3090
3060
3087
3093
3473
3082
3473
3087
3071
3083
3508
3051
3083
3071
3085
3061
3087
3474
3493
3496
3472
3083
3476
3084
3083
3474
3495
3060
3086
3072
3495
3083
3071
3083
3064
3084
3072
3489
3893
3072
3086
3472
3083
3072
3086
3070
3086
3895
3064
3083
3473
3093
3482
3077
3083
3071
3085
3067
3081
3072
3084
3072
3270
3302
3069
3507
3052
3084
3072
3083
3066
3091
3084
3071
3486
3473
3083
3072
3087
3082
3072
3084
3474
3085
3071
3083
3473
3086
3084
3895
3074
3249
3306
3081
3076
3484
3449
3112
3475
3090
3082
3474
3084
3072
3895
3064
3088
3089
3872
3087
3070
3084
3072
3085
3067
3489
3495
3064
3088
3066
3084
3073
3490
3089
3071
3486
3067
3901
3058
3089
3088
3066
3087
3472
3896
3078
3479
3091
3474
3086
3472
3085
3084
3072
3083
3066
3092
3060
3491
3069
3083
3083
3074
3496
3060
3495
3066
3092
3483
3476
3493
3067
3491
3472
3085
3084
3444
3523
3066
3092
3060
3087
3088
3478
3485
3396
3571
3898
3472
3083
3070
3487
3495
3071
3488
3071
3084
3472
3087
3060
3086
3091
3476
3483
3072
3086
3072
3084
3895
3064
3083
3072
3086
3070
3086
3062
3087
3492
3072
3485
3072
3084
3072
3083
3085
3473
3495
3062
3087
3475
3081
3091
3876
3083
3072
4316
3879
3472
3094
3472
3081
3089
3472
3085
3070
3086
3071
4296
3998
3373
3084
3064
3493
4079
3290
3086
3070
3086
3062
3087
3091
3061
3087
3070
3495
3071
3077
3493
3072
3084
3486
3883
3466
3091
3086
3070
3086
3062
3087
3069
3083
3072
3087
3082
3472
3087
3070
3084
3072
3084
3475
3494
3483
3476
3262
3298
3490
3084
3072
3084
3072
3083
3066
3092
3060
3087
3495
3071
3084
3063
3084
3072
3084
3070
3487
3094
3060
3087
3470
3497
3071
4293
3495
3066
3087
3070
3882
3499
3072
3085
3072
3084
3472
3489
3091
3473
3083
3070
3087
3061
3087
3493
3072
3084
3064
3495
3473
3083
3085
3879
3089
3062
3413
3149
3490
3084
3534
3835
3472
3495
3085
3072
3084
3071
3890
3475
3089
3083
3066
3898
3066
3084
3073
4328
3465
3062
3495
3085
3069
3487
3072
3084
3072
3083
3066
3492
3495
3472
3085
3070
3485
3896
3474
3089
3066
3897
3068
3089
3084
3071
3486
3473
3093
3483
3072
3087
3071
3485
3066
3092
3473
3083
3086
3071
3485
3071
3489
3472
3494
3084
3875
3495
3068
3489
3085
3475
3490
3071
3085
3067
3081
3091
3066
3092
3060
3491
3882
3084
3085
3472
3495
3473
3083
3066
3092
3083
3064
3495
3071
3485
3474
3085
3493
3472
