2917
2916
2917
2917
2916
2917
2917
2916
2917
2917
2916
2917
2917
2916
2917
2917
2916
2917
2917
2916
2917
2917
2916
2917
2917
2916
2917
2917
2916
2917
2917
2916
2917
2917
2916
2917
2917
2916
2917
2917
2916
2917
2917
2916
2917
2917
2916
2917
2917
2916
2917
2917
2916
2917
2917
2916
2917
2917
2916
2917
2917
2916
2917
2917
2916
2917
2917
2916
2917
2917
2916
2917
2917
2916
2917
2917
2916
2917
2917
2916
2917
2917
2916
2917
2917
2916
2917
2917
2916
2917
2917
2916
2917
2917
2916
2917
2917
2916
2917
2917
2916
2917
2917
2916
2917
2917
2916
2917
2917
2916
2917
2917
2916
2917
2917
2916
2917
2917
2916
2917
2917
2916
2917
2917
2916
2917
2917
2916
2917
2917
2916
2917
2917
2916
2917
2917
2916
2917
2917
2916
2917
2917
2916
2917
2917
2916
2917
2917
2916
2917
2917
2916
2917
2917
2916
2917
2917
2916
2917
2917
2916
2917
2917
2916
2917
2917
2916
2917
2917
2916
2917
2917
2916
2917
2917
2916
2917
2917
2916
2917
2917
2916
2917
2917
2916
2917
2917
2916
2917
2917
2916
2917
2917
2916
2917
2917
2916
2917
2917
2916
2917
2917
2916
2917
2917
2916
2917
2917
2916
2917
2917
2916
2917
2917
2916
2917
2917
2916
2917
2917
2916
2917
2917
2916
2917
2917
2916
2917
2917
2916
2917
2917
2916
2917
2917
2916
2917
2917
2916
2917
2917
2916
2917
2917
2916
2917
2917
2916
2917
2917
2916
2917
2917
2916
2917
3163
3555
3547
3544
3554
3547
3565
4608
4619
4834
4623
4558
4898
4547
5201
4621
4849
4605
4551
4619
4550
4607
4909
4851
4892
4564
4609
4902
4551
4610
4859
4613
4847
4608
4906
4555
4890
4565
4907
4553
4604
4909
4560
4592
4543
5221
4561
4892
4621
5142
4606
4561
4909
4872
4587
4606
4851
4608
4561
4606
4561
4608
4548
4909
4909
4547
4910
4548
4606
4597
4574
4605
4850
4621
4851
4608
4561
4898
4618
4531
4928
4849
4609
4908
5136
5200
4558
4595
4564
4608
4619
4550
4607
4561
4896
4561
4896
4621
4851
4892
4564
4609
4561
4606
4896
4563
4907
4551
4606
4561
4606
4561
4606
4610
4561
4605
4551
5197
4561
4608
4559
4898
4909
4561
4606
5489
4561
5198
4548
4892
4853
4909
4609
4848
4605
4853
4911
4604
4563
4608
4851
5195
5199
4556
4611
4548
4606
5152
5199
4896
4561
4898
4561
5194
4611
4851
4618
4553
4604
4851
4909
5195
4547
4619
4554
4605
4561
4609
4610
4846
4608
4563
4891
4850
4619
4613
4560
4594
5152
4908
4897
4850
4909
4548
4605
4564
4609
4581
5175
4895
5152
4879
4928
4548
4619
4550
4605
4564
4607
4561
4605
4899
5150
4608
5509
4829
4909
4560
4895
4558
4611
4605
4852
5489
4852
4601
4610
4859
4595
4721
4752
4558
4595
4621
4551
4619
4835
4912
4851
4907
4608
4561
4608
4851
4606
4561
4895
4621
4550
4605
4564
4609
4847
4608
4561
4609
4606
4559
5489
5137
4608
4608
4563
4605
4559
4610
4560
4592
4565
4907
4610
4846
4611
5147
4611
4546
5198
4912
4560
4607
4547
4619
4556
5210
4589
4565
4605
4561
4608
4887
4570
4608
4561
4609
4847
4608
4558
4611
4567
4589
4625
4845
4895
4558
4611
4548
4909
4610
4850
4619
4834
4619
4554
4605
4608
4859
4613
4850
4605
4558
4611
4919
4538
4609
4560
4607
4551
4605
4849
4911
4904
4853
4609
4836
4619
4610
4849
4896
4563
4606
4561
4896
4621
4560
4609
4548
4608
4561
4893
5201
4561
4606
4851
4608
4561
4606
4561
4606
5199
4548
4609
4850
4619
4901
4556
4609
4560
4607
4547
4609
4561
4608
4561
4710
4791
4564
4898
4558
4608
4561
4609
4565
4600
4610
4560
4897
4850
4609
4561
4603
4611
4561
4608
4849
4607
4560
4609
4872
4585
4608
5149
4596
4605
4867
4610
4555
4900
4822
4631
4850
4619
4613
4847
4609
4561
5199
4546
4606
4623
5141
4604
4563
4608
4561
4605
4547
4913
4907
4548
4606
4565
4608
4558
4895
4623
4558
4898
4547
5201
4565
4602
4606
4565
4605
4851
5198
4597
4860
4621
4849
4606
4851
4607
4609
4559
4609
4546
4610
4563
4891
4564
4609
4611
4556
4896
4563
4907
4546
4610
4911
4847
4909
4547
4912
4849
4608
4608
4821
4937
4546
4610
4563
4605
4605
4853
4909
4817
4941
5194
4853
4610
4561
4896
4909
4560
4894
4551
4619
4851
4594
4563
4606
4621
4836
4911
4561
4606
4548
4619
5199
4548
4609
4561
4606
4561
4606
4550
4605
4912
4559
4898
4561
4608
4561
4607
4608
4850
4907
4550
4605
4850
4609
4621
5139
4608
4561
5483
5200
4851
4616
4853
4592
4623
4851
4606
4561
4608
4558
5490
5209
4837
4608
4548
4911
5335
4713
4606
4561
4606
4550
4605
4621
4551
4605
4563
4907
4551
4605
4911
4559
4608
4831
5217
4857
4602
4606
4561
4606
4550
4605
4564
4609
4561
4603
4611
4851
4604
4563
4608
4561
4608
4846
4899
4911
4847
4652
4804
4912
4607
4561
4608
4561
4607
4546
4610
4563
4605
4907
4551
4619
4549
4608
4561
4608
4561
4896
4616
4554
4605
4865
4895
4560
5492
4889
4565
4605
4561
5203
4893
4561
4607
4559
4608
4851
4894
4621
4850
4610
4561
4605
4551
4605
4911
4559
4608
4548
4908
4852
4607
4608
5136
4621
4550
4794
4661
4912
4607
4859
5189
4851
4909
4606
4559
4610
4560
5183
4889
4584
4609
4544
5198
4565
4608
4558
5504
4891
4550
4909
4606
4564
4895
4561
4608
4561
4607
4546
4912
4907
4851
4608
4561
4898
5198
4849
4604
4565
5198
4585
4580
4610
4560
4897
4850
4608
4911
4559
4605
4551
4910
4544
4610
4859
4611
4605
4551
4910
4560
4895
4851
4908
4607
5140
4909
4544
4913
4606
4850
4912
4560
4607
4547
4609
4621
4546
4610
4563
4891
5152
4610
4606
4851
4907
4850
4609
4546
4610
4619
4548
4908
4551
4909
4849
4606
4911
4851
