2
0
0
0
0
0
0
0
0
0
0
0
0
0
0
0
0
0
0
0
0
0
0
0
0
0
0
0
0
0
0
0
0
0
0
0
0
0
0
0
0
0
0
0
0
0
0
0
0
0
0
0
0
0
0
0
0
0
0
0
0
0
0
0
0
0
0
0
0
0
0
0
0
0
0
0
0
0
0
0
0
0
0
0
0
0
0
0
0
0
0
0
0
0
0
0
0
0
0
0
0
0
0
0
0
0
0
0
0
0
0
0
0
0
0
0
0
0
0
0
0
0
0
0
0
0
0
128
648
644
635
429
430
434
436
438
430
429
439
440
430
430
428
440
430
436
434
438
449
435
430
434
440
438
440
440
444
440
448
430
430
430
436
430
432
436
438
431
435
448
430
430
454
440
430
432
436
430
430
439
429
434
430
440
440
434
428
440
430
430
434
430
430
430
429
435
430
438
430
430
430
430
430
428
430
430
434
430
436
428
444
430
434
436
433
429
440
430
436
439
429
430
429
431
434
430
428
445
429
436
436
432
435
429
436
430
430
428
430
430
430
440
434
428
430
430
436
430
434
434
434
446
438
430
430
440
430
430
430
428
430
430
430
434
430
444
430
429
430
429
436
434
430
428
432
430
428
434
434
432
454
462
429
445
430
430
434
429
429
446
430
430
434
428
430
430
430
430
440
428
430
430
434
436
428
444
436
434
440
430
444
428
436
430
430
428
435
435
430
430
434
434
436
434
436
434
440
438
430
430
430
430
432
440
440
430
430
430
434
434
430
440
430
434
424
430
454
459
449
428
430
450
430
440
448
434
434
432
430
434
428
444
434
432
444
428
430
430
430
436
430
438
434
464
430
430
428
444
430
430
436
434
434
430
438
432
428
436
442
436
434
430
444
430
434
430
430
430
434
428
430
430
456
429
429
434
436
430
430
434
434
430
428
432
434
434
430
430
434
446
428
438
440
436
434
430
430
434
429
429
432
438
458
450
430
440
430
444
434
434
430
436
429
433
430
440
436
434
444
453
439
430
440
430
448
444
436
434
436
434
430
428
436
436
430
438
444
430
436
430
434
432
430
450
430
430
434
424
436
436
430
429
429
444
430
430
430
430
428
430
436
440
430
442
430
434
430
436
434
444
434
440
434
436
438
434
440
440
430
434
429
429
436
434
430
440
444
454
434
430
430
434
434
430
430
430
430
428
436
436
434
430
428
446
434
444
436
430
428
430
430
434
430
436
428
434
436
430
429
433
444
450
434
430
454
430
434
434
436
434
444
430
430
430
434
430
434
440
428
446
430
428
430
444
448
436
440
428
430
440
430
439
429
448
430
450
434
430
428
436
440
430
440
428
430
434
430
436
430
428
430
459
429
430
430
428
430
430
430
430
438
448
456
440
450
446
422
430
436
430
450
438
430
434
430
446
434
428
430
430
430
430
428
430
430
430
436
438
438
430
430
430
440
434
434
430
430
436
444
432
430
440
430
444
440
434
430
430
430
434
444
430
444
440
436
434
434
429
429
436
434
430
430
434
430
430
430
434
430
430
434
430
444
448
430
430
430
436
438
430
430
430
430
434
428
430
430
430
436
430
428
440
430
430
430
432
436
439
440
429
464
434
434
430
430
430
434
444
440
436
440
434
434
428
436
434
436
432
436
430
430
430
438
430
430
428
432
434
434
440
438
436
454
430
433
445
430
430
434
450
428
430
430
440
408
270
270
272
174
0
0
0
0
0
0
0
0
0
0
0
0
0
0
0
0
0
0
0
0
0
0
0
0
0
0
0
0
0
0
0
0
0
0
0
0
0
0
0
0
0
0
0
0
0
0
0
0
0
0
0
0
0
0
0
0
0
0
0
0
0
0
0
0
0
0
0
0
0
0
0
0
0
0
0
0
0
0
0
0
0
0
0
0
0
0
0
0
0
0
0
0
0
0
0
0
0
0
0
0
0
0
0
0
0
0
0
0
0
0
0
0
0
0
0
0
0
0
0
0
0
0
0
0
0
0
0
360
648
644
558
434
428
470
440
440
428
454
434
430
430
440
430
434
430
428
432
438
440
438
430
436
440
428
430
434
430
430
434
436
438
430
430
434
440
438
430
434
432
438
430
434
430
434
430
430
440
428
436
434
430
440
448
438
436
430
440
430
428
430
430
430
434
434
424
436
444
440
430
428
430
430
430
430
430
448
430
434
436
438
434
440
434
432
434
430
442
430
430
430
430
432
432
430
430
434
440
434
440
434
434
440
430
434
430
430
430
434
428
430
430
