0
0
0
0
0
0
0
0
0
0
0
0
0
0
0
0
0
0
0
0
0
0
0
0
0
0
0
0
0
0
0
0
0
0
0
0
0
0
0
0
0
0
0
0
0
0
0
0
0
0
0
0
0
0
0
0
0
0
0
0
0
0
0
0
0
0
0
0
0
0
0
0
0
0
0
0
0
0
0
0
0
0
0
0
0
0
0
0
0
0
0
0
0
0
0
0
0
0
0
0
0
0
0
0
0
0
0
0
0
0
0
0
0
0
0
0
0
0
0
0
0
0
0
0
0
0
0
0
0
0
24
1284
1266
1256
1258
1248
1284
1266
1248
1248
1266
1266
1284
1242
1266
1260
1254
1266
1230
1254
1266
1260
1248
1266
1248
1242
1242
1248
1248
1266
1266
1266
1254
1266
1278
1254
1248
1266
1254
1248
1266
1266
1218
1248
1266
1278
1254
1266
1266
1248
1284
1260
1260
1248
1248
1254
1290
1242
1266
1272
1254
1266
1284
1266
1266
1254
1266
1266
1266
1266
1266
1266
1266
1284
1266
1266
1260
1266
1254
1284
1238
1264
1260
1254
1278
1266
1248
1266
1254
1248
1284
1266
1266
1266
1254
1266
1284
1242
1266
1254
1260
1278
1254
1266
1254
1266
1266
1284
1266
1266
1272
1242
1278
1266
1266
1266
1254
1268
1276
1254
1260
1236
1248
1266
1284
1248
1266
1266
1266
1284
1266
1266
1266
1260
1262
1258
1266
1266
1266
1266
1254
1278
1266
1266
1266
1266
1284
1260
1254
1266
1218
1200
1284
1236
1266
1266
1260
1284
1266
1236
1266
1266
1254
1290
1266
1262
1266
1264
1248
1286
1264
1266
1260
1254
1284
1242
1254
1260
1248
1262
1258
1266
1254
1266
1266
1290
1254
1254
1268
1264
1260
1278
1254
1256
1258
1254
1248
1266
1266
1266
1266
1266
1278
1248
1242
1272
1262
1264
1278
1254
1266
1248
1266
1278
1272
1266
1218
1212
1224
1290
1260
1230
1266
1248
1248
1254
1260
1266
1266
1254
1284
1242
1254
1266
1236
1290
1266
1266
1266
1254
1266
1266
1254
1200
1266
1266
1290
1236
1266
1266
1254
1254
1278
1266
1248
1266
1266
1254
1260
1254
1256
1270
1236
1284
1254
1266
1266
1266
1260
1284
1266
1266
1218
1266
1284
1260
1254
1266
1266
1254
1278
1266
1266
1266
1254
1260
1284
1266
1254
1242
1262
1270
1248
1254
1260
1262
1264
1278
1266
1266
1266
1248
1224
1230
1266
1248
1266
1236
1278
1260
1260
1260
1266
1278
1266
1248
1254
1254
1242
1236
1248
1260
1248
1266
1248
1242
1254
1260
1254
1260
1284
1266
1254
1260
1266
1266
1236
1266
1260
1266
1254
1278
1266
1230
1266
1266
1272
1278
1254
1260
1266
1266
1284
1236
1266
1272
1262
1264
1290
1262
1258
1248
1266
1260
1260
1260
1266
1254
1260
1254
1254
1248
1260
1254
1266
1254
1248
1248
1266
1260
1284
1266
1254
1254
1272
1242
1260
1218
1260
1266
1266
1272
1260
1262
1270
1266
1266
1284
1254
1260
1260
1262
1288
1236
1254
1242
1254
1266
1284
1266
1266
1260
1266
1254
1284
1260
1254
1266
1266
1278
1236
1224
1260
1266
1218
1284
1254
1260
1254
1260
1254
1266
1266
1266
1260
1266
1272
1248
1266
1236
1266
1284
1266
1242
1224
1254
1248
1284
1266
1248
1266
1248
1284
1230
1266
1224
1260
1266
1284
1254
1248
1266
1248
1284
1266
1260
1266
1254
1266
1284
1266
1212
1266
1266
1266
1284
1266
1266
1266
1266
1266
1230
1218
1248
1230
1260
1272
1266
1254
1266
1230
1268
1264
1260
1266
1236
1254
1290
1266
1262
1266
1264
1290
1266
1260
1272
1254
1248
1266
1266
1266
1266
1244
1258
1278
1262
1264
1260
1236
1278
1266
1242
1272
1236
1242
1278
1266
1266
1266
1254
1260
1266
1238
1248
1258
1254
1278
1266
1266
1254
1260
1284
1266
1254
1272
1266
1266
1272
1266
1266
1260
1266
1236
1248
1266
1266
1266
1254
1266
1266
1266
1266
1266
1254
1290
1266
1266
1266
1254
1266
1284
1248
1266
1266
1266
1278
1254
1248
1248
1266
1200
1272
1260
1266
1266
1262
1276
1236
1248
1260
1248
1254
1278
1266
1254
1260
1254
1278
1254
1266
1266
1266
1248
1284
1266
1266
1266
1254
1260
1266
1248
1254
1218
1266
1278
1236
1266
1266
1260
1224
1284
1266
1266
1248
1080
0
0
0
0
0
0
0
0
0
0
0
0
0
0
0
0
0
0
0
0
0
0
0
0
0
0
0
0
0
0
0
0
0
0
0
0
0
0
0
0
0
0
0
0
0
0
0
0
0
0
0
0
0
0
0
0
0
0
0
0
0
0
0
0
0
0
0
0
0
0
0
0
0
0
0
0
0
0
0
0
0
0
0
0
0
0
0
0
0
0
0
0
0
0
0
0
0
0
0
0
0
0
0
0
0
0
0
0
0
0
0
0
0
0
0
0
0
0
0
0
0
0
0
0
0
0
0
0
0
0
0
0
0
0
486
1254
1290
1188
1248
1248
1266
1236
1260
1266
1266
1247
1261
1278
1266
1266
1266
1248
1248
1266
1266
1254
1248
1266
1284
1254
1266
1271
1255
1254
1266
1266
1266
1260
1242
1272
1260
1260
1266
1248
1266
1272
1266
1254
1272
1266
1242
1290
1254
1254
1266
1248
1248
1248
1254
1266
1248
1266
1284
1266
1266
1266
1260
1272
1278
1254
1236
1248
1266
1284
1266
1266
1266
1266
1266
1248
1266
1254
1260
1248
1278
1242
1260
1266
1254
1266
1260
1265
1261
1272
1266
1266
1272
1266
1266
1260
1242
1278
1248
1254
1254
1253
1261
1278
1266
1266
1266
1254
1290
1266
1260
