836
833
834
833
833
834
833
833
834
833
833
834
833
833
834
833
833
834
833
833
834
833
833
834
833
833
834
833
833
834
833
833
834
833
833
834
833
833
834
833
833
834
833
833
834
833
833
834
833
833
834
833
833
834
833
833
834
833
833
834
833
833
834
833
833
834
833
833
834
833
833
834
833
833
834
833
833
834
833
833
834
833
833
834
833
833
834
833
833
834
833
833
834
833
833
834
833
833
834
833
833
834
833
833
834
833
833
834
833
833
834
833
833
834
833
833
834
833
833
834
833
833
834
833
833
834
833
1019
1780
1771
1760
1499
1489
1493
1489
1492
1501
1489
1492
1493
1489
1489
1499
1489
1489
1494
1488
1504
1499
1488
1490
1491
1494
1503
1493
1489
1497
1493
1509
1489
1489
1488
1490
1489
1503
1490
1492
1490
1488
1509
1489
1489
1497
1494
1488
1503
1490
1489
1488
1494
1499
1493
1484
1493
1494
1488
1504
1489
1489
1493
1488
1489
1501
1489
1489
1487
1489
1504
1489
1489
1488
1489
1489
1501
1487
1489
1492
1489
1490
1499
1498
1486
1490
1490
1505
1487
1494
1488
1490
1494
1499
1489
1489
1488
1490
1487
1501
1497
1487
1491
1492
1503
1490
1487
1491
1487
1489
1501
1487
1489
1493
1489
1505
1487
1489
1489
1489
1493
1500
1488
1493
1494
1492
1489
1501
1493
1489
1488
1489
1499
1489
1489
1488
1493
1489
1505
1489
1489
1488
1487
1490
1504
1489
1487
1490
1489
1499
1493
1488
1490
1498
1502
1501
1492
1489
1488
1493
1501
1487
1495
1488
1489
1488
1504
1489
1489
1488
1486
1492
1504
1486
1487
1492
1490
1501
1496
1490
1492
1493
1489
1505
1487
1490
1488
1489
1504
1490
1487
1493
1486
1491
1504
1490
1492
1489
1490
1492
1504
1489
1489
1488
1489
1503
1494
1489
1493
1489
1486
1503
1488
1489
1493
1489
1499
1489
1489
1497
1504
1492
1504
1486
1497
1488
1493
1509
1488
1493
1490
1489
1488
1499
1498
1488
1490
1493
1503
1489
1489
1488
1490
1489
1504
1488
1503
1488
1489
1504
1493
1489
1488
1490
1488
1505
1489
1492
1490
1487
1490
1507
1490
1493
1488
1493
1501
1488
1489
1490
1487
1493
1499
1489
1489
1499
1489
1499
1493
1489
1488
1489
1490
1503
1489
1487
1490
1488
1493
1501
1489
1488
1499
1487
1504
1493
1490
1492
1489
1486
1503
1489
1487
1490
1492
1511
1497
1489
1493
1488
1493
1504
1493
1484
1494
1489
1503
1489
1493
1489
1488
1498
1510
1492
1484
1493
1489
1510
1495
1490
1492
1489
1493
1501
1487
1489
1494
1489
1504
1494
1487
1494
1489
1488
1503
1489
1498
1488
1489
1494
1494
1490
1494
1488
1489
1499
1492
1489
1493
1489
1486
1502
1489
1489
1493
1489
1508
1484
1493
1488
1490
1493
1505
1488
1494
1492
1490
1498
1494
1493
1493
1489
1493
1501
1487
1490
1488
1493
1489
1509
1497
1492
1489
1489
1500
1493
1489
1488
1489
1489
1499
1489
1494
1492
1489
1499
1495
1488
1497
1489
1489
1499
1489
1489
1492
1489
1490
1499
1493
1490
1488
1489
1503
1493
1494
1492
1489
1498
1501
1488
1493
1489
1493
1504
1489
1489
1488
1493
1489
1500
1494
1487
1494
1489
1501
1487
1498
1493
1490
1493
1501
1487
1494
1488
1494
1499
1497
1489
1495
1491
1489
1499
1491
1492
1488
1494
1501
1487
1493
1488
1490
1489
1499
1489
1503
1487
1489
1489
1499
1489
1489
1488
1489
1504
1500
1495
1493
1498
1505
1487
1489
1490
1488
1498
1508
1486
1491
1488
1495
1488
1504
1489
1489
1488
1486
1502
1489
1486
1491
1490
1492
1504
1489
1489
1488
1494
1488
1505
1489
1486
1492
1493
1503
1489
1489
1493
1493
1491
1503
1489
1489
1488
1488
1509
1489
1497
1493
1489
1490
1503
1489
1487
1491
1491
1501
1489
1489
1491
1489
1489
1500
1489
1489
1492
1489
1493
1508
1489
1489
1488
1490
1504
1489
1489
1488
1489
1488
1504
1489
1489
1488
1489
1489
1501
1492
1489
1488
1489
1503
1490
1494
1493
1487
1503
1500
1493
1489
1488
1489
1500
1493
1493
1494
1493
1488
1505
1487
1490
1492
1490
1503
1490
1489
1488
1489
1492
1501
1489
1487
1490
1488
1493
1505
1492
1490
1497
1489
1505
1492
1489
1488
1493
1494
1499
1489
1489
1493
1370
675
676
677
733
833
833
834
833
833
834
833
833
834
833
833
834
833
833
834
833
833
834
833
833
834
833
833
834
833
833
834
833
833
834
833
833
834
833
833
834
833
833
834
833
833
834
833
833
834
833
833
834
833
833
834
833
833
834
833
833
834
833
833
834
833
833
834
833
833
834
833
833
834
833
833
834
833
833
834
833
833
834
833
833
834
833
833
834
833
833
834
833
833
834
833
833
834
833
833
834
833
833
834
833
833
834
833
833
834
833
833
834
833
833
834
833
833
834
833
833
834
833
833
834
833
833
834
833
833
834
833
1359
1778
1772
1660
1488
1504
1504
1493
1493
1487
1504
1498
1489
1488
1494
1488
1501
1489
1488
1489
1492
1494
1504
1489
1490
1493
1487
1501
1488
1489
1493
1488
1490
1504
1489
1489
1492
1489
1508
1485
1492
1490
1492
1489
1500
1489
1492
1489
1489
1489
1504
1490
1488
1488
1494
1509
1492
1490
1488
1494
1489
1499
1489
1489
1488
1493
1494
1494
1490
1492
1494
1489
1499
1489
1489
1488
1489
1489
1509
1489
1487
1494
1492
1504
1490
1492
1490
1488
1489
1508
1489
1488
1489
1489
1489
1500
1489
1489
1492
1489
1505
1493
1488
1492
1494
1488
1501
1489
1489
1488
1489
1503
1489
1485
