11672
11666
11668
11666
11666
11668
11666
11666
11668
11666
11666
11668
11666
11666
11668
11666
11666
11668
11666
11666
11668
11666
11666
11668
11666
11666
11668
11666
11666
11668
11666
11666
11668
11666
11666
11668
11666
11666
11668
11666
11666
11668
11666
11666
11668
11666
11666
11668
11666
11666
11668
11666
11666
11668
11666
11666
11668
11666
11666
11668
11666
11666
11668
11666
11666
11668
11666
11666
11668
11666
11666
11668
11666
11666
11668
11666
11666
11668
11666
11666
11668
11666
11666
11668
11666
11666
11668
11666
11666
11668
11666
11666
11668
11666
11666
11668
11666
11666
11668
11666
11666
11668
11666
11666
11668
11666
11666
11668
11666
11666
11668
11666
11666
11668
11666
11666
11668
11666
11666
11668
11666
11666
11668
11666
11666
11668
11666
12166
14207
14187
14217
16853
16776
16753
16769
16744
16854
16773
16743
16746
16772
16769
16861
16724
16776
16776
16746
16822
16717
16749
16776
16772
16733
16833
16746
16722
16744
16746
16792
16774
16772
16782
16750
16776
16840
16758
16742
16777
16749
16794
16776
16776
16688
16748
16774
16844
16754
16776
16774
16745
16853
16759
16763
16746
16748
16746
16876
16722
16776
16794
16754
16774
16856
16776
16773
16747
16776
16822
16776
16776
16774
16776
16776
16852
16774
16776
16772
16776
16750
16850
16725
16771
16770
16750
16849
16775
16740
16782
16750
16745
16853
16776
16773
16777
16748
16774
16854
16741
16775
16750
16774
16833
16762
16775
16750
16774
16776
16852
16774
16776
16794
16728
16852
16772
16776
16774
16750
16781
16845
16746
16772
16722
16744
16776
16854
16746
16776
16774
16776
16850
16776
16776
16774
16759
16770
16817
16776
16773
16774
16775
16750
16850
16776
16772
16778
16776
16850
16772
16748
16778
16690
16652
16859
16719
16776
16774
16766
16859
16775
16722
16774
16776
16746
16870
16769
16770
16774
16771
16746
16857
16771
16774
16772
16750
16852
16736
16758
16757
16746
16770
16817
16772
16750
16774
16776
16863
16762
16747
16781
16771
16772
16850
16750
16751
16769
16748
16746
16822
16776
16776
16774
16776
16848
16740
16728
16787
16770
16771
16850
16746
16776
16746
16776
16832
16794
16776
16688
16689
16691
16878
16750
16718
16774
16746
16794
16746
16774
16778
16776
16746
16850
16746
16746
16778
16718
16876
16776
16774
16774
16752
16776
16822
16746
16662
16774
16776
16870
16726
16774
16774
16752
16746
16852
16776
16744
16778
16772
16750
16818
16750
16753
16795
16718
16854
16746
16776
16776
16774
16774
16850
16776
16776
16692
16773
16853
16759
16763
16774
16776
16748
16850
16776
16772
16778
16746
16774
16854
16776
16746
16748
16751
16835
16746
16758
16757
16770
16771
16850
16773
16775
16778
16744
16740
16718
16776
16746
16774
16718
16850
16766
16756
16776
16773
16843
16769
16746
16763
16746
16742
16769
16743
16752
16746
16776
16794
16742
16750
16772
16748
16774
16854
16772
16748
16776
16776
16822
16718
16774
16776
16776
16746
16848
16776
16703
16789
16776
16804
16822
16750
16775
16775
16773
16853
16716
16776
16787
16770
16771
16861
16770
16769
16746
16776
16805
16763
16770
16778
16750
16759
16811
16746
16748
16772
16750
16802
16766
16746
16746
16776
16766
16859
16775
16750
16746
16787
16735
16822
16688
16772
16776
16776
16824
16774
16755
16795
16774
16774
16854
16748
16776
16757
16770
16871
16722
16746
16742
16750
16776
16850
16776
16776
16772
16768
16758
16850
16766
16758
16774
16773
16843
16726
16692
16772
16776
16690
16854
16746
16774
16748
16772
16796
16776
16776
16774
16772
16774
16828
16748
16772
16720
16776
16852
16774
16731
16705
16750
16746
16852
16774
16748
16774
16745
16853
16716
16774
16694
16772
16776
16850
16750
16746
16774
16748
16852
16774
16759
16789
16750
16776
16850
16776
16687
16775
16768
16769
16865
16776
16776
16774
16776
16822
16714
16692
16746
16718
16806
16790
16776
16750
16774
16718
16827
16771
16772
16774
16722
16746
16870
16769
16770
16774
16771
16876
16776
16750
16798
16752
16744
16822
16776
16776
16774
16727
16767
16837
16770
16771
16774
16718
16846
16774
16724
16794
16726
16722
16850
16776
16776
16774
16746
16822
16776
16723
16746
16769
16748
16850
16773
16775
16750
16772
16854
16776
16746
16798
16774
16772
16832
16776
16776
16764
16769
16731
16794
16776
16776
16774
16750
16822
16776
16776
16774
16776
16746
16876
16774
16772
16774
16756
16776
16852
16746
16776
16774
16776
16848
16750
16745
16746
16775
16647
16839
16766
16769
16774
16770
16845
16718
16746
16776
16746
16746
16852
16772
16750
16770
16752
16848
16750
16776
16774
16776
16744
16854
16776
16772
16778
16746
16770
16828
16744
16750
16688
16776
16849
16719
16776
16774
16766
16700
16850
16776
16776
16746
15980
11350
11352
11354
11464
11668
11666
11666
11668
11666
11666
11668
11666
11666
11668
11666
11666
11668
11666
11666
11668
11666
11666
11668
11666
11666
11668
11666
11666
11668
11666
11666
11668
11666
11666
11668
11666
11666
11668
11666
11666
11668
11666
11666
11668
11666
11666
11668
11666
11666
11668
11666
11666
11668
11666
11666
11668
11666
11666
11668
11666
11666
11668
11666
11666
11668
11666
11666
11668
11666
11666
11668
11666
11666
11668
11666
11666
11668
11666
11666
11668
11666
11666
11668
11666
11666
11668
11666
11666
11668
11666
11666
11668
11666
11666
11668
11666
11666
11668
11666
11666
11668
11666
11666
11668
11666
11666
11668
11666
11666
11668
11666
11666
11668
11666
11666
11668
11666
11666
11668
11666
11666
11668
11666
11666
11668
11666
11666
11668
11666
11666
11668
13076
14206
14188
15174
16746
16878
16636
16746
16746
16772
16748
16787
16769
16786
16730
16769
16849
16775
16773
16778
16744
16736
16831
16774
16755
16746
16772
16854
16746
16776
16784
16761
16753
16822
16776
16776
16767
16725
16848
16748
16774
16778
16744
16776
16824
16776
16749
16799
16773
16723
16878
16750
16746
16774
16748
16794
16744
16750
16774
16748
16776
16850
16776
16776
16774
16762
16816
16817
16755
16716
16748
16776
16850
16776
16776
16774
16776
16776
16794
16776
16744
16776
16744
16850
16720
16774
16778
16746
16776
16808
16770
16769
16799
16773
16779
16824
16776
16776
16767
16725
16852
16746
16746
16752
16750
16769
16849
16776
16776
16774
16746
16878
16776
16748
