1.1672
1.1666
1.1668
1.1666
1.1666
1.1668
1.1666
1.1666
1.1668
1.1666
1.1666
1.1668
1.1666
1.1666
1.1668
1.1666
1.1666
1.1668
1.1666
1.1666
1.1668
1.1666
1.1666
1.1668
1.1666
1.1666
1.1668
1.1666
1.1666
1.1668
1.1666
1.1666
1.1668
1.1666
1.1666
1.1668
1.1666
1.1666
1.1668
1.1666
1.1666
1.1668
1.1666
1.1666
1.1668
1.1666
1.1666
1.1668
1.1666
1.1666
1.1668
1.1666
1.1666
1.1668
1.1666
1.1666
1.1668
1.1666
1.1666
1.1668
1.1666
1.1666
1.1668
1.1666
1.1666
1.1668
1.1666
1.1666
1.1668
1.1666
1.1666
1.1668
1.1666
1.1666
1.1668
1.1666
1.1666
1.1668
1.1666
1.1666
1.1668
1.1666
1.1666
1.1668
1.1666
1.1666
1.1668
1.1666
1.1666
1.1668
1.1666
1.1666
1.1668
1.1666
1.1666
1.1668
1.1666
1.1666
1.1668
1.1666
1.1666
1.1668
1.1666
1.1666
1.1668
1.1666
1.1666
1.1668
1.1666
1.1666
1.1668
1.1666
1.1666
1.1668
1.1666
1.1666
1.1668
1.1666
1.1666
1.1668
1.1666
1.1666
1.1668
1.1666
1.1666
1.1668
1.1666
1.2166
1.4207
1.4187
1.4217
1.6853
1.6776
1.6753
1.6769
1.6744
1.6854
1.6773
1.6743
1.6746
1.6772
1.6769
1.6861
1.6724
1.6776
1.6776
1.6746
1.6822
1.6717
1.6749
1.6776
1.6772
1.6733
1.6833
1.6746
1.6722
1.6744
1.6746
1.6792
1.6774
1.6772
1.6782
1.675
1.6776
1.684
1.6758
1.6742
1.6777
1.6749
1.6794
1.6776
1.6776
1.6688
1.6748
1.6774
1.6844
1.6754
1.6776
1.6774
1.6745
1.6853
1.6759
1.6763
1.6746
1.6748
1.6746
1.6876
1.6722
1.6776
1.6794
1.6754
1.6774
1.6856
1.6776
1.6773
1.6747
1.6776
1.6822
1.6776
1.6776
1.6774
1.6776
1.6776
1.6852
1.6774
1.6776
1.6772
1.6776
1.675
1.685
1.6725
1.6771
1.677
1.675
1.6849
1.6775
1.674
1.6782
1.675
1.6745
1.6853
1.6776
1.6773
1.6777
1.6748
1.6774
1.6854
1.6741
1.6775
1.675
1.6774
1.6833
1.6762
1.6775
1.675
1.6774
1.6776
1.6852
1.6774
1.6776
1.6794
1.6728
1.6852
1.6772
1.6776
1.6774
1.675
1.6781
1.6845
1.6746
1.6772
1.6722
1.6744
1.6776
1.6854
1.6746
1.6776
1.6774
1.6776
1.685
1.6776
1.6776
1.6774
1.6759
1.677
1.6817
1.6776
1.6773
1.6774
1.6775
1.675
1.685
1.6776
1.6772
1.6778
1.6776
1.685
1.6772
1.6748
1.6778
1.669
1.6652
1.6859
1.6719
1.6776
1.6774
1.6766
1.6859
1.6775
1.6722
1.6774
1.6776
1.6746
1.687
1.6769
1.677
1.6774
1.6771
1.6746
1.6857
1.6771
1.6774
1.6772
1.675
1.6852
1.6736
1.6758
1.6757
1.6746
1.677
1.6817
1.6772
1.675
1.6774
1.6776
1.6863
1.6762
1.6747
1.6781
1.6771
1.6772
1.685
1.675
1.6751
1.6769
1.6748
1.6746
1.6822
1.6776
1.6776
1.6774
1.6776
1.6848
1.674
1.6728
1.6787
1.677
1.6771
1.685
1.6746
1.6776
1.6746
1.6776
1.6832
1.6794
1.6776
1.6688
1.6689
1.6691
1.6878
1.675
1.6718
1.6774
1.6746
1.6794
1.6746
1.6774
1.6778
1.6776
1.6746
1.685
1.6746
1.6746
1.6778
1.6718
1.6876
1.6776
1.6774
1.6774
1.6752
1.6776
1.6822
1.6746
1.6662
1.6774
1.6776
1.687
1.6726
1.6774
1.6774
1.6752
1.6746
1.6852
1.6776
1.6744
1.6778
1.6772
1.675
1.6818
1.675
1.6753
1.6795
1.6718
1.6854
1.6746
1.6776
1.6776
1.6774
1.6774
1.685
1.6776
1.6776
1.6692
1.6773
1.6853
1.6759
1.6763
1.6774
1.6776
1.6748
1.685
1.6776
1.6772
1.6778
1.6746
1.6774
1.6854
1.6776
1.6746
1.6748
1.6751
1.6835
1.6746
1.6758
1.6757
1.677
1.6771
1.685
1.6773
1.6775
1.6778
1.6744
1.674
1.6718
1.6776
1.6746
1.6774
1.6718
1.685
1.6766
1.6756
1.6776
1.6773
1.6843
1.6769
1.6746
1.6763
1.6746
1.6742
1.6769
1.6743
1.6752
1.6746
1.6776
1.6794
1.6742
1.675
1.6772
1.6748
1.6774
1.6854
1.6772
1.6748
1.6776
1.6776
1.6822
1.6718
1.6774
1.6776
1.6776
1.6746
1.6848
1.6776
1.6703
1.6789
1.6776
1.6804
1.6822
1.675
1.6775
1.6775
1.6773
1.6853
1.6716
1.6776
1.6787
1.677
1.6771
1.6861
1.677
1.6769
1.6746
1.6776
1.6805
1.6763
1.677
1.6778
1.675
1.6759
1.6811
1.6746
1.6748
1.6772
1.675
1.6802
1.6766
1.6746
1.6746
1.6776
1.6766
1.6859
1.6775
1.675
1.6746
1.6787
1.6735
1.6822
1.6688
1.6772
1.6776
1.6776
1.6824
1.6774
1.6755
1.6795
1.6774
1.6774
1.6854
1.6748
1.6776
1.6757
1.677
1.6871
1.6722
1.6746
1.6742
1.675
1.6776
1.685
1.6776
1.6776
1.6772
1.6768
1.6758
1.685
1.6766
1.6758
1.6774
1.6773
1.6843
1.6726
1.6692
1.6772
1.6776
1.669
1.6854
1.6746
1.6774
1.6748
1.6772
1.6796
1.6776
1.6776
1.6774
1.6772
1.6774
1.6828
1.6748
1.6772
1.672
1.6776
1.6852
1.6774
1.6731
1.6705
1.675
1.6746
1.6852
1.6774
1.6748
1.6774
1.6745
1.6853
1.6716
1.6774
1.6694
1.6772
1.6776
1.685
1.675
1.6746
1.6774
1.6748
1.6852
1.6774
1.6759
1.6789
1.675
1.6776
1.685
1.6776
1.6687
1.6775
1.6768
1.6769
1.6865
1.6776
1.6776
1.6774
1.6776
1.6822
1.6714
1.6692
1.6746
1.6718
1.6806
1.679
1.6776
1.675
1.6774
1.6718
1.6827
1.6771
1.6772
1.6774
1.6722
1.6746
1.687
1.6769
1.677
1.6774
1.6771
1.6876
1.6776
1.675
1.6798
1.6752
1.6744
1.6822
1.6776
1.6776
1.6774
1.6727
1.6767
1.6837
1.677
1.6771
1.6774
1.6718
1.6846
1.6774
1.6724
1.6794
1.6726
1.6722
1.685
1.6776
1.6776
1.6774
1.6746
1.6822
1.6776
1.6723
1.6746
1.6769
1.6748
1.685
1.6773
1.6775
1.675
1.6772
1.6854
1.6776
1.6746
1.6798
1.6774
1.6772
1.6832
1.6776
1.6776
1.6764
1.6769
1.6731
1.6794
1.6776
1.6776
1.6774
1.675
1.6822
1.6776
1.6776
1.6774
1.6776
1.6746
1.6876
1.6774
1.6772
1.6774
1.6756
1.6776
1.6852
1.6746
1.6776
1.6774
1.6776
1.6848
1.675
1.6745
1.6746
1.6775
1.6647
1.6839
1.6766
1.6769
1.6774
1.677
1.6845
1.6718
1.6746
1.6776
1.6746
1.6746
1.6852
1.6772
1.675
1.677
1.6752
1.6848
1.675
1.6776
1.6774
1.6776
1.6744
1.6854
1.6776
1.6772
1.6778
1.6746
1.677
1.6828
1.6744
1.675
1.6688
1.6776
1.6849
1.6719
1.6776
1.6774
1.6766
1.67
1.685
1.6776
1.6776
1.6746
1.598
1.135
1.1352
1.1354
1.1464
1.1668
1.1666
1.1666
1.1668
1.1666
1.1666
1.1668
1.1666
1.1666
1.1668
1.1666
1.1666
1.1668
1.1666
1.1666
1.1668
1.1666
1.1666
1.1668
1.1666
1.1666
1.1668
1.1666
1.1666
1.1668
1.1666
1.1666
1.1668
1.1666
1.1666
1.1668
1.1666
1.1666
1.1668
1.1666
1.1666
1.1668
1.1666
1.1666
1.1668
1.1666
1.1666
1.1668
1.1666
1.1666
1.1668
1.1666
1.1666
1.1668
1.1666
1.1666
1.1668
1.1666
1.1666
1.1668
1.1666
1.1666
1.1668
1.1666
1.1666
1.1668
1.1666
1.1666
1.1668
1.1666
1.1666
1.1668
1.1666
1.1666
1.1668
1.1666
1.1666
1.1668
1.1666
1.1666
1.1668
1.1666
1.1666
1.1668
1.1666
1.1666
1.1668
1.1666
1.1666
1.1668
1.1666
1.1666
1.1668
1.1666
1.1666
1.1668
1.1666
1.1666
1.1668
1.1666
1.1666
1.1668
1.1666
1.1666
1.1668
1.1666
1.1666
1.1668
1.1666
1.1666
1.1668
1.1666
1.1666
1.1668
1.1666
1.1666
1.1668
1.1666
1.1666
1.1668
1.1666
1.1666
1.1668
1.1666
1.1666
1.1668
1.1666
1.1666
1.1668
1.1666
1.1666
1.1668
1.3076
1.4206
1.4188
1.5174
1.6746
1.6878
1.6636
1.6746
1.6746
1.6772
1.6748
1.6787
1.6769
1.6786
1.673
1.6769
1.6849
1.6775
1.6773
1.6778
1.6744
1.6736
1.6831
1.6774
1.6755
1.6746
1.6772
1.6854
1.6746
1.6776
1.6784
1.6761
1.6753
1.6822
1.6776
1.6776
1.6767
1.6725
1.6848
1.6748
1.6774
1.6778
1.6744
1.6776
1.6824
1.6776
1.6749
1.6799
1.6773
1.6723
1.6878
1.675
1.6746
1.6774
1.6748
1.6794
1.6744
1.675
1.6774
1.6748
1.6776
1.685
1.6776
1.6776
1.6774
1.6762
1.6816
1.6817
1.6755
1.6716
1.6748
1.6776
1.685
1.6776
1.6776
1.6774
1.6776
1.6776
1.6794
1.6776
1.6744
1.6776
1.6744
1.685
1.672
1.6774
1.6778
1.6746
1.6776
1.6808
1.677
1.6769
1.6799
1.6773
1.6779
1.6824
1.6776
1.6776
1.6767
1.6725
1.6852
1.6746
1.6746
1.6752
1.675
1.6769
1.6849
1.6776
1.6776
1.6774
1.6746
1.6878
1.6776
1.6748
