836
833
834
833
833
834
833
833
834
833
833
834
833
833
834
833
833
834
833
833
834
833
833
834
833
833
834
833
833
834
833
833
834
833
833
834
833
833
834
833
833
834
833
833
834
833
833
834
833
833
834
833
833
834
833
833
834
833
833
834
833
833
834
833
833
834
833
833
834
833
833
834
833
833
834
833
833
834
833
833
834
833
833
834
833
833
834
833
833
834
833
833
834
833
833
834
833
833
834
833
833
834
833
833
834
833
833
834
833
833
834
833
833
834
833
833
834
833
833
834
833
833
834
833
833
834
833
1019
1779
1772
1758
1501
1489
1488
1494
1492
1501
1487
1489
1493
1489
1489
1499
1494
1489
1494
1488
1504
1497
1490
1488
1493
1489
1504
1493
1493
1497
1493
1505
1488
1489
1493
1490
1489
1498
1495
1488
1492
1490
1509
1489
1489
1497
1494
1488
1498
1495
1489
1488
1492
1501
1488
1489
1493
1494
1488
1500
1493
1489
1488
1491
1487
1505
1489
1487
1489
1489
1504
1489
1489
1488
1489
1489
1499
1489
1489
1492
1487
1492
1499
1493
1489
1492
1490
1503
1489
1489
1493
1490
1492
1501
1489
1487
1490
1488
1489
1501
1495
1489
1489
1494
1498
1493
1489
1489
1489
1489
1499
1489
1489
1488
1494
1505
1487
1487
1487
1493
1488
1505
1488
1489
1498
1492
1489
1501
1493
1489
1488
1489
1499
1489
1489
1488
1488
1489
1510
1489
1487
1488
1489
1490
1504
1489
1487
1490
1489
1499
1489
1492
1490
1498
1497
1504
1494
1489
1488
1488
1504
1489
1495
1488
1489
1488
1499
1489
1489
1488
1489
1494
1499
1489
1489
1492
1490
1499
1493
1495
1487
1493
1489
1510
1485
1492
1488
1489
1499
1493
1489
1488
1489
1493
1504
1490
1487
1494
1488
1494
1504
1489
1489
1488
1489
1503
1489
1494
1488
1489
1489
1505
1488
1489
1493
1489
1499
1489
1489
1497
1502
1494
1502
1486
1499
1488
1493
1509
1488
1493
1490
1489
1488
1499
1496
1490
1490
1493
1503
1487
1487
1488
1494
1489
1504
1488
1503
1488
1489
1499
1496
1487
1488
1494
1488
1505
1489
1492
1490
1485
1492
1507
1490
1488
1491
1495
1501
1488
1489
1488
1489
1493
1499
1489
1489
1499
1487
1501
1488
1494
1488
1489
1488
1505
1489
1487
1490
1488
1493
1501
1489
1488
1499
1482
1504
1493
1495
1487
1489
1489
1505
1487
1489
1490
1492
1509
1499
1489
1493
1488
1493
1504
1488
1489
1494
1487
1500
1489
1493
1494
1488
1493
1513
1489
1489
1493
1489
1508
1497
1490
1492
1489
1493
1501
1487
1489
1494
1489
1504
1492
1489
1494
1489
1488
1503
1489
1493
1493
1487
1496
1494
1490
1492
1490
1487
1501
1492
1489
1488
1489
1489
1499
1489
1494
1493
1489
1503
1489
1488
1493
1490
1488
1510
1488
1494
1490
1492
1498
1494
1493
1493
1489
1488
1504
1489
1490
1488
1488
1494
1509
1497
1492
1489
1487
1502
1493
1484
1491
1487
1488
1502
1491
1494
1487
1489
1504
1495
1488
1493
1493
1489
1499
1489
1489
1492
1484
1495
1499
1488
1495
1488
1487
1500
1496
1496
1492
1489
1496
1503
1488
1491
1491
1489
1508
1489
1489
1488
1489
1488
1505
1494
1487
1494
1489
1499
1489
1493
1498
1490
1493
1499
1489
1494
1488
1492
1501
1495
1487
1497
1493
1489
1499
1489
1494
1488
1494
1499
1489
1488
1493
1490
1489
1499
1489
1501
1489
1484
1489
1504
1489
1489
1488
1487
1506
1495
1500
1493
1498
1505
1487
1489
1490
1488
1498
1503
1489
1493
1488
1495
1488
1499
1489
1489
1488
1489
1504
1487
1486
1489
1494
1492
1504
1489
1489
1488
1489
1493
1500
1489
1489
1494
1493
1499
1488
1494
1488
1496
1491
1505
1489
1489
1488
1488
1509
1489
1492
1493
1494
1488
1505
1487
1489
1489
1493
1501
1489
1487
1489
1488
1489
1505
1489
1489
1487
1489
1494
1512
1489
1487
1488
1492
1504
1489
1489
1488
1489
1488
1500
1488
1489
1488
1494
1489
1499
1494
1489
1488
1489
1503
1490
1492
1493
1489
1498
1505
1488
1489
1488
1489
1505
1493
1493
1494
1493
1488
1505
1485
1492
1488
1494
1501
1492
1489
1488
1489
1490
1503
1489
1485
1492
1488
1488
1510
1490
1492
1497
1489
1503
1494
1489
1488
1488
1499
1499
1489
1489
1493
1370
675
676
677
732
834
833
833
834
833
833
834
833
833
834
833
833
834
833
833
834
833
833
834
833
833
834
833
833
834
833
833
834
833
833
834
833
833
834
833
833
834
833
833
834
833
833
834
833
833
834
833
833
834
833
833
834
833
833
834
833
833
834
833
833
834
833
833
834
833
833
834
833
833
834
833
833
834
833
833
834
833
833
834
833
833
834
833
833
834
833
833
834
833
833
834
833
833
834
833
833
834
833
833
834
833
833
834
833
833
834
833
833
834
833
833
834
833
833
834
833
833
834
833
833
834
833
833
834
833
833
834
1357
1780
1772
1660
1488
1501
1507
1493
1493
1486
1505
1493
1489
1493
1489
1489
1505
1488
1488
1490
1492
1489
1504
1489
1495
1493
1484
1504
1488
1489
1488
1488
1495
1504
1489
1489
1487
1494
1505
1487
1493
1490
1491
1487
1503
1489
1488
1490
1487
1494
1501
1493
1488
1488
1494
1509
1491
1491
1488
1494
1489
1499
1489
1489
1488
1488
1499
1489
1495
1492
1494
1489
1499
1489
1489
1488
1489
1489
1509
1489
1487
1494
1491
1502
1492
1493
1490
1488
1489
1503
1489
1489
1490
1487
1494
1500
1489
1489
1487
1494
1505
1493
1488
1490
1491
1489
1505
1489
1489
1488
1488
1503
1487
1487
