13341
13333
13335
13332
13333
13335
13332
13333
13335
13332
13333
13335
13332
13333
13335
13332
13333
13335
13332
13333
13335
13332
13333
13335
13332
13333
13335
13332
13333
13335
13332
13333
13335
13332
13333
13335
13332
13333
13335
13332
13333
13335
13332
13333
13335
13332
13333
13335
13332
13333
13335
13332
13333
13335
13332
13333
13335
13332
13333
13335
13332
13333
13335
13332
13333
13335
13332
13333
13335
13332
13333
13335
13332
13333
13335
13332
13333
13335
13332
13333
13335
13332
13333
13335
13332
13333
13335
13332
13333
13335
13332
13333
13335
13332
13333
13335
13332
13333
13335
13332
13333
13335
13332
13333
13335
13332
13333
13335
13332
13333
13335
13332
13333
13335
13332
13333
13335
13332
13333
13335
13332
13333
13335
13332
13333
13335
13332
13885
16149
16118
16161
19438
19339
19312
19330
19299
19441
19335
19299
19303
19335
19330
19447
19276
19339
19340
19302
19401
19270
19306
19338
19334
19289
19415
19303
19272
19301
19303
19368
19335
19335
19344
19309
19339
19423
19317
19299
19339
19306
19369
19338
19339
19234
19306
19336
19427
19313
19339
19336
19302
19438
19319
19322
19303
19306
19302
19468
19272
19339
19362
19311
19338
19441
19339
19335
19303
19339
19401
19339
19339
19336
19339
19339
19436
19336
19340
19333
19339
19308
19434
19280
19331
19331
19309
19434
19336
19298
19344
19309
19302
19438
19339
19335
19340
19304
19337
19440
19297
19336
19308
19337
19415
19322
19336
19308
19336
19339
19437
19336
19339
19362
19280
19438
19333
19339
19338
19306
19346
19428
19302
19336
19273
19300
19339
19440
19303
19339
19336
19339
19434
19339
19339
19336
19319
19332
19395
19339
19335
19336
19336
19309
19435
19339
19332
19342
19339
19434
19336
19303
19342
19237
19192
19445
19270
19339
19336
19328
19445
19336
19276
19336
19339
19302
19460
19330
19332
19336
19331
19304
19444
19331
19336
19334
19309
19436
19293
19317
19316
19303
19332
19395
19333
19308
19336
19339
19451
19322
19303
19346
19331
19334
19435
19309
19309
19330
19304
19304
19401
19339
19339
19335
19340
19431
19298
19280
19353
19332
19331
19436
19302
19339
19303
19339
19409
19364
19339
19233
19237
19236
19469
19307
19271
19336
19303
19368
19302
19337
19342
19339
19302
19434
19304
19302
19342
19270
19465
19339
19338
19336
19309
19339
19401
19302
19205
19335
19339
19460
19278
19338
19336
19309
19302
19438
19339
19300
19342
19333
19308
19396
19309
19312
19360
19269
19441
19302
19339
19338
19336
19337
19434
19339
19339
19240
19335
19438
19319
19323
19336
19339
19304
19436
19339
19332
19342
19302
19337
19440
19339
19303
19305
19310
19417
19303
19317
19316
19332
19331
19436
19335
19336
19342
19300
19304
19271
19339
19303
19336
19269
19435
19328
19313
19340
19335
19427
19330
19303
19323
19302
19299
19339
19299
19309
19303
19339
19368
19298
19309
19333
19305
19337
19440
19333
19305
19340
19339
19401
19269
19336
19340
19339
19303
19431
19339
19253
19353
19339
19373
19400
19309
19338
19337
19335
19438
19266
19339
19353
19332
19331
19449
19332
19330
19303
19338
19382
19322
19332
19340
19309
19319
19388
19302
19307
19333
19308
19372
19332
19303
19303
19339
19328
19445
19336
19309
19302
19353
19289
19402
19234
19333
19339
19339
19403
19337
19315
19360
19338
19335
19439
19305
19340
19316
19332
19458
19276
19302
19300
19306
19339
19434
19339
19339
19333
19331
19317
19434
19328
19317
19336
19335
19427
19278
19239
19333
19339
19237
19440
19302
19337
19305
19336
19368
19340
19339
19335
19336
19335
19408
19306
19333
19273
19339
19436
19336
19287
19253
19309
19303
19436
19337
19306
19336
19302
19438
19267
19338
19239
19334
19339
19434
19308
19304
19335
19307
19436
19336
19320
19353
19309
19338
19434
19340
19233
19336
19331
19330
19451
19339
19339
19336
19339
19401
19266
19238
19303
19270
19381
19356
19339
19309
19335
19271
19408
19331
19334
19336
19275
19303
19460
19330
19332
19336
19331
19466
19339
19307
19367
19309
19300
19401
19339
19339
19336
19282
19326
19421
19332
19331
19337
19270
19431
19335
19276
19362
19278
19274
19436
19339
19338
19336
19302
19403
19339
19276
19303
19330
19304
19436
19335
19336
19308
19334
19441
19338
19302
19367
19335
19335
19412
19339
19339
19325
19330
19286
19366
19339
19339
19336
19308
19402
19339
19338
19336
19339
19302
19468
19335
19335
19336
19314
19339
19436
19304
19339
19336
19339
19431
19309
19302
19303
19336
19187
19421
19328
19330
19336
19332
19428
19269
19303
19340
19303
19302
19438
19333
19308
19333
19309
19432
19308
19339
19336
19339
19300
19440
19339
19333
19342
19302
19332
19409
19300
19308
19234
19339
19434
19270
19339
19336
19328
19247
19434
19339
19339
19303
18365
12701
12703
12706
12930
13335
13333
13332
13335
13333
13332
13335
13333
13332
13335
13333
13332
13335
13333
13332
13335
13333
13332
13335
13333
13332
13335
13333
13332
13335
13333
13332
13335
13333
13332
13335
13333
13332
13335
13333
13332
13335
13333
13332
13335
13333
13332
13335
13333
13332
13335
13333
13332
13335
13333
13332
13335
13333
13332
13335
13333
13332
13335
13333
13332
13335
13333
13332
13335
13333
13332
13335
13333
13332
13335
13333
13332
13335
13333
13332
13335
13333
13332
13335
13333
13332
13335
13333
13332
13335
13333
13332
13335
13333
13332
13335
13333
13332
13335
13333
13332
13335
13333
13332
13335
13333
13332
13335
13333
13332
13335
13333
13332
13335
13333
13332
13335
13333
13332
13335
13333
13332
13335
13333
13332
13335
13333
13332
13335
13333
13332
13335
14892
16146
16121
17351
19302
19469
19173
19303
19303
19333
19308
19358
19331
19349
19286
19329
19434
19339
19332
19342
19300
19293
19412
19336
19314
19303
19333
19440
19302
19339
19350
19320
19311
19401
19339
19339
19328
19277
19433
19304
19337
19342
19300
19339
19403
19340
19306
19366
19336
19274
19469
19308
19303
19335
19307
19368
19300
19308
19336
19306
19339
19434
19339
19339
19336
19323
19387
19394
19314
19266
19306
19339
19434
19339
19339
19336
19339
19339
19368
19339
19299
19340
19300
19435
19271
19337
19342
19302
19339
19386
19332
19329
19366
19336
19342
19403
19339
19339
19328
19277
19438
19303
19303
19310
19309
19329
19434
19339
19338
19336
19302
19469
19339
19304
