5003
4999
5001
5000
4999
5001
5000
4999
5001
5000
4999
5001
5000
4999
5001
5000
4999
5001
5000
4999
5001
5000
4999
5001
5000
4999
5001
5000
4999
5001
5000
4999
5001
5000
4999
5001
5000
4999
5001
5000
4999
5001
5000
4999
5001
5000
4999
5001
5000
4999
5001
5000
4999
5001
5000
4999
5001
5000
4999
5001
5000
4999
5001
5000
4999
5001
5000
4999
5001
5000
4999
5001
5000
4999
5001
5000
4999
5001
5000
4999
5001
5000
4999
5001
5000
4999
5001
5000
4999
5001
5000
4999
5001
5000
4999
5001
5000
4999
5001
5000
4999
5001
5000
4999
5001
5000
4999
5001
5000
4999
5001
5000
4999
5001
5000
4999
5001
5000
4999
5001
5000
4999
5001
5000
4999
5001
5000
5067
5326
5317
5359
6923
6900
6890
6889
6881
6926
6900
6880
6880
6899
6897
6928
6868
6898
6897
6881
6909
6864
6881
6902
6893
6880
6909
6880
6869
6875
6880
6890
6899
6899
6897
6885
6899
6923
6884
6881
6899
6881
6890
6899
6898
6849
6880
6898
6923
6883
6900
6898
6882
6923
6895
6887
6880
6882
6885
6938
6869
6898
6911
6884
6900
6924
6900
6900
6880
6900
6907
6898
6900
6897
6902
6900
6927
6898
6899
6894
6900
6884
6925
6872
6895
6894
6883
6924
6898
6881
6897
6885
6882
6924
6900
6900
6897
6886
6897
6930
6874
6898
6885
6893
6921
6887
6898
6885
6898
6898
6928
6898
6898
6911
6867
6922
6900
6900
6900
6880
6907
6916
6883
6898
6864
6880
6899
6926
6880
6898
6899
6900
6923
6900
6901
6898
6895
6895
6897
6900
6900
6899
6898
6883
6922
6899
6900
6898
6898
6925
6898
6883
6898
6848
6830
6926
6861
6900
6899
6898
6926
6898
6865
6898
6900
6882
6940
6897
6895
6899
6895
6878
6932
6895
6898
6894
6885
6927
6876
6884
6893
6880
6895
6897
6900
6884
6896
6900
6937
6887
6880
6907
6895
6893
6921
6885
6890
6889
6886
6878
6905
6900
6900
6900
6899
6922
6881
6867
6910
6895
6895
6921
6881
6900
6880
6900
6915
6909
6900
6847
6845
6850
6936
6890
6859
6899
6880
6889
6885
6894
6899
6900
6881
6928
6877
6885
6898
6865
6936
6900
6900
6899
6882
6900
6907
6885
6828
6897
6898
6940
6865
6900
6899
6882
6885
6922
6898
6881
6899
6900
6884
6902
6885
6890
6904
6866
6925
6882
6900
6902
6898
6894
6927
6898
6899
6848
6900
6923
6895
6885
6899
6899
6886
6920
6899
6900
6898
6885
6894
6926
6898
6886
6881
6889
6913
6880
6884
6893
6895
6895
6921
6900
6898
6898
6880
6861
6860
6900
6880
6898
6863
6922
6898
6886
6897
6900
6921
6897
6880
6885
6882
6880
6874
6880
6887
6880
6898
6891
6875
6883
6895
6885
6894
6926
6899
6885
6893
6900
6907
6867
6898
6893
6900
6885
6921
6899
6861
6899
6900
6899
6925
6885
6901
6893
6900
6924
6865
6898
6910
6895
6895
6934
6895
6889
6880
6899
6902
6887
6899
6898
6883
6895
6892
6885
6881
6895
6884
6901
6888
6880
6880
6900
6898
6926
6898
6883
6884
6910
6868
6904
6847
6895
6899
6900
6911
6894
6895
6904
6900
6899
6925
6882
6897
6893
6895
6930
6867
6881
6880
6880
6901
6925
6898
6900
6897
6900
6884
6923
6898
6884
6898
6901
6921
6865
6849
6897
6898
6848
6924
6885
6896
6882
6898
6891
6899
6899
6897
6898
6899
6906
6884
6899
6865
6900
6927
6898
6875
6852
6885
6880
6927
6897
6882
6898
6882
6923
6863
6900
6851
6893
6899
6927
6885
6878
6900
6880
6927
6898
6894
6899
6885
6899
6925
6900
6844
6898
6900
6897
6927
6898
6899
6899
6900
6906
6869
6839
6880
6861
6894
6913
6898
6885
6898
6862
6912
6895
6893
6899
6869
6879
6940
6897
6895
6899
6895
6934
6900
6890
6909
6882
6881
6908
6898
6899
6899
6876
6890
6920
6895
6895
6893
6865
6924
6899
6868
6911
6865
6871
6920
6899
6899
6899
6885
6902
6899
6871
6880
6889
6886
6920
6901
6898
6885
6893
6926
6899
6886
6909
6899
6899
6907
6901
6900
6896
6897
6868
6886
6899
6900
6899
6884
6907
6899
6899
6896
6901
6885
6938
6899
6899
6899
6882
6900
6927
6878
6900
6899
6899
6921
6885
6882
6880
6898
6827
6910
6898
6897
6899
6895
6915
6865
6880
6897
6880
6881
6924
6900
6884
6896
6882
6923
6884
6898
6899
6900
6881
6924
6900
6900
6899
6881
6899
6905
6881
6884
6845
6900
6924
6861
6900
6899
6898
6845
6931
6898
6898
6880
6620
5000
5000
5001
4994
4999
4999
5002
4999
4999
5002
4999
4999
5002
4999
4999
5002
4999
4999
5002
4999
4999
5002
4999
4999
5002
4999
4999
5002
4999
4999
5002
4999
4999
5002
4999
4999
5002
4999
4999
5002
4999
4999
5002
4999
4999
5002
4999
4999
5002
4999
4999
5002
4999
4999
5002
4999
4999
5002
4999
4999
5002
4999
4999
5002
4999
4999
5002
4999
4999
5002
4999
4999
5002
4999
4999
5002
4999
4999
5002
4999
4999
5002
4999
4999
5002
4999
4999
5002
4999
4999
5002
4999
4999
5002
4999
4999
5002
4999
4999
5002
4999
4999
5002
4999
4999
5002
4999
4999
5002
4999
4999
5002
4999
4999
5002
4999
4999
5002
4999
4999
5002
4999
4999
5002
4999
4999
5002
4999
4999
5002
4999
5185
5323
5319
5933
6885
6937
6812
6880
6880
6900
6866
6903
6899
6897
6879
6894
6918
6901
6899
6898
6880
6881
6908
6898
6884
6880
6900
6924
6884
6898
6909
6889
6882
6908
6898
6899
6896
6868
6919
6889
6893
6899
6881
6900
6910
6899
6888
6907
6900
6868
6937
6883
6885
6899
6880
6888
6881
6885
6896
6882
6899
6927
6898
6899
6898
6897
6902
6923
6884
6864
6882
6898
6925
6897
6902
6897
6900
6900
6888
6899
6885
6894
6881
6922
6870
6893
6899
6884
6898
6906
6896
6894
6907
6900
6894
6915
6898
6899
6896
6868
6922
6880
6885
6892
6881
6894
6918
6899
6900
6899
6885
6935
6900
6889
