5833
5834
5833
5833
5834
5833
5833
5834
5833
5833
5834
5833
5833
5834
5833
5833
5834
5833
5833
5834
5833
5833
5834
5833
5833
5834
5833
5833
5834
5833
5833
5834
5833
5833
5834
5833
5833
5834
5833
5833
5834
5833
5833
5834
5833
5833
5834
5833
5833
5834
5833
5833
5834
5833
5833
5834
5833
5833
5834
5833
5833
5834
5833
5833
5834
5833
5833
5834
5833
5833
5834
5833
5833
5834
5833
5833
5834
5833
5833
5834
5833
5833
5834
5833
5833
5834
5833
5833
5834
5833
5833
5834
5833
5833
5834
5833
5833
5834
5833
5833
5834
5833
5833
5834
5833
5833
5834
5833
5833
5834
5833
5833
5834
5833
5833
5834
5833
5833
5834
5833
5833
5834
5833
5833
5834
5833
5833
6080
7102
7098
7100
8429
8387
8373
8388
8371
8427
8386
8370
8373
8385
8384
8432
8366
8389
8385
8377
8409
8356
8378
8385
8387
8362
8419
8373
8363
8372
8373
8394
8386
8385
8395
8375
8388
8416
8382
8370
8389
8378
8395
8388
8389
8342
8374
8388
8419
8380
8387
8388
8371
8429
8374
8389
8373
8372
8373
8435
8363
8389
8392
8380
8386
8430
8387
8386
8378
8387
8411
8389
8387
8389
8385
8387
8425
8388
8388
8386
8387
8376
8426
8358
8388
8385
8377
8422
8388
8367
8395
8375
8371
8428
8387
8386
8390
8373
8389
8423
8372
8388
8375
8388
8412
8384
8388
8375
8388
8389
8424
8388
8389
8392
8370
8425
8385
8387
8386
8380
8384
8426
8375
8382
8363
8372
8388
8427
8373
8389
8387
8387
8428
8387
8386
8388
8374
8386
8412
8387
8386
8387
8388
8377
8424
8388
8385
8390
8389
8426
8382
8376
8390
8344
8322
8432
8364
8387
8387
8377
8432
8388
8362
8388
8387
8376
8428
8384
8386
8387
8388
8375
8424
8388
8388
8386
8375
8425
8365
8382
8375
8373
8386
8412
8385
8376
8390
8387
8425
8384
8378
8384
8388
8387
8425
8375
8372
8388
8373
8375
8413
8387
8387
8386
8388
8423
8367
8370
8387
8386
8388
8425
8377
8387
8373
8387
8418
8396
8387
8344
8342
8347
8438
8375
8361
8387
8373
8396
8373
8387
8389
8387
8377
8423
8371
8373
8390
8360
8437
8387
8386
8387
8379
8387
8411
8373
8331
8389
8389
8428
8366
8386
8387
8379
8373
8425
8389
8371
8389
8385
8376
8409
8375
8373
8400
8359
8428
8376
8387
8385
8388
8387
8424
8389
8388
8345
8386
8429
8374
8386
8387
8388
8373
8426
8388
8385
8390
8373
8387
8427
8389
8372
8368
8378
8417
8373
8382
8375
8386
8388
8425
8386
8388
8390
8372
8369
8360
8387
8373
8388
8362
8424
8377
8384
8385
8386
8419
8384
8373
8386
8376
8365
8386
8370
8380
8373
8389
8394
8371
8377
8385
8374
8387
8427
8386
8374
8389
8387
8411
8358
8388
8389
8387
8373
8424
8388
8347
8399
8387
8411
8403
8375
8381
8393
8386
8428
8359
8389
8387
8386
8388
8427
8386
8388
8373
8388
8398
8389
8379
8391
8377
8374
8411
8373
8373
8385
8376
8403
8384
8373
8373
8387
8377
8432
8388
8377
8374
8387
8375
8409
8344
8385
8388
8387
8413
8387
8374
8400
8386
8386
8429
8377
8385
8375
8386
8439
8360
8377
8366
8380
8386
8426
8389
8387
8383
8381
8382
8428
8377
8382
8388
8385
8419
8366
8349
8383
8389
8344
8429
8373
8385
8377
8382
8400
8388
8388
8389
8382
8386
8421
8370
8386
8361
8387
8425
8388
8361
8357
8375
8373
8425
8389
8372
8388
8371
8429
8356
8386
8348
8387
8388
8424
8375
8375
8386
8374
8425
8388
8375
8399
8375
8388
8426
8387
8342
8388
8381
8384
8436
8389
8388
8387
8387
8412
8348
8355
8373
8359
8407
8390
8389
8375
8388
8358
8410
8388
8387
8387
8358
8379
8428
8384
8386
8387
8388
8439
8387
8375
8398
8379
8371
8410
8389
8388
8387
8360
8386
8415
8386
8388
8388
8360
8420
8386
8366
8392
8366
8361
8426
8388
8388
8387
8373
8411
8388
8358
8373
8388
8373
8426
8385
8388
8375
8387
8427
8388
8372
8398
8386
8385
8423
8386
8387
8378
8384
8368
8399
8388
8387
8387
8376
8411
8388
8388
8390
8386
8373
8435
8386
8385
8387
8383
8387
8425
8375
8387
8387
8388
8424
8375
8371
8373
8388
8320
8426
8377
8384
8387
8386
8427
8360
8373
8385
8373
8377
8423
8385
8376
8383
8379
8422
8376
8389
8387
8387
8371
8429
8387
8385
8389
8377
8379
8417
8371
8376
8346
8387
8422
8364
8387
8387
8377
8359
8420
8389
8389
8373
7990
5675
5676
5676
5738
5835
5834
5831
5835
5834
5831
5835
5834
5831
5835
5834
5831
5835
5834
5831
5835
5834
5831
5835
5834
5831
5835
5834
5831
5835
5834
5831
5835
5834
5831
5835
5834
5831
5835
5834
5831
5835
5834
5831
5835
5834
5831
5835
5834
5831
5835
5834
5831
5835
5834
5831
5835
5834
5831
5835
5834
5831
5835
5834
5831
5835
5834
5831
5835
5834
5831
5835
5834
5831
5835
5834
5831
5835
5834
5831
5835
5834
5831
5835
5834
5831
5835
5834
5831
5835
5834
5831
5835
5834
5831
5835
5834
5831
5835
5834
5831
5835
5834
5831
5835
5834
5831
5835
5834
5831
5835
5834
5831
5835
5834
5831
5835
5834
5831
5835
5834
5831
5835
5834
5831
5835
5834
5831
5835
5834
5831
5835
6533
7104
7097
7581
8373
8437
8320
8373
8373
8385
8378
8387
8383
8398
8360
8387
8427
8386
8386
8390
8372
8364
8417
8387
8380
8373
8385
8429
8374
8389
8385
8382
8380
8410
8389
8388
8380
8367
8421
8375
8388
8389
8371
8387
8414
8388
8372
8400
8385
8365
8437
8377
8373
8387
8374
8397
8371
8375
8390
8372
8388
8424
8389
8388
8388
8375
8417
8401
8380
8360
8372
8389
8426
8390
8385
8389
8387
8387
8397
8388
8372
8388
8371
8424
8361
8388
8389
8374
8389
8397
8385
8387
8400
8385
8395
8409
8389
8388
8380
8367
8425
8373
8373
8369
8377
8387
8427
8388
8387
8387
8373
8439
8387
8375
