221
223
223
179
149
143
150
148
142
150
558
692
675
697
673
683
680
671
695
675
697
673
679
630
680
673
695
675
695
675
677
680
677
695
675
628
693
677
675
682
677
696
674
689
678
674
687
676
628
697
673
687
680
672
690
675
697
673
685
679
671
630
692
675
697
673
683
680
671
695
675
697
673
679
630
680
673
695
675
695
675
677
680
677
695
675
691
630
677
675
682
677
696
674
689
678
674
687
676
697
628
673
687
680
672
690
675
697
673
685
679
671
694
628
675
697
673
683
680
671
695
675
697
673
679
680
630
673
695
675
695
675
677
680
677
695
675
691
632
675
675
682
677
696
674
689
678
674
687
676
697
628
673
687
680
672
690
675
697
673
685
679
671
694
628
675
697
673
683
680
671
695
675
697
673
679
680
630
673
695
675
695
675
677
680
677
695
675
691
678
629
675
682
677
696
674
689
678
674
687
676
697
673
628
687
680
672
690
675
697
673
685
679
671
694
675
628
697
673
683
680
671
695
675
697
673
679
680
675
628
695
675
695
675
677
680
677
695
675
691
678
674
630
682
677
696
674
689
678
674
687
676
697
673
628
687
680
672
690
675
697
673
685
679
671
694
675
628
697
673
683
680
671
695
675
697
673
679
680
675
628
695
675
695
675
677
680
677
695
675
691
678
674
630
682
677
696
674
689
678
674
687
676
697
673
685
630
680
672
690
675
697
673
685
679
671
694
675
697
628
673
683
680
671
695
675
697
673
679
680
675
695
628
675
695
675
677
680
677
695
675
691
678
674
684
628
677
696
674
689
678
674
687
676
697
673
685
632
678
672
690
675
697
673
685
679
671
694
675
697
628
673
683
680
671
695
675
697
673
679
680
675
695
628
675
695
675
677
680
677
695
675
691
678
674
684
628
677
696
674
689
678
674
687
676
697
673
685
680
630
672
690
675
697
673
685
679
671
694
675
697
673
628
683
680
671
695
675
697
673
679
680
675
695
675
628
695
675
677
680
677
695
675
691
678
674
684
677
628
696
674
689
678
674
687
676
697
673
685
680
672
630
690
675
697
673
685
679
671
694
675
697
673
628
683
680
671
695
675
697
673
679
680
675
695
675
628
695
675
677
680
677
695
675
691
678
674
684
677
628
696
674
689
678
674
687
676
697
673
685
680
672
630
690
675
697
673
685
679
671
694
675
697
673
681
630
680
671
695
675
697
673
679
680
675
695
675
693
630
675
677
680
677
695
675
691
678
674
684
677
697
627
674
689
678
674
687
676
697
673
685
680
672
692
628
675
697
673
685
679
671
694
675
697
673
681
630
680
671
695
675
697
673
679
680
675
695
675
693
630
675
677
680
677
695
675
691
678
674
684
677
697
627
674
689
678
674
687
676
697
673
685
680
672
692
628
675
697
673
685
679
671
694
675
697
673
681
680
630
671
695
675
697
673
679
680
675
695
675
693
677
628
677
680
677
695
675
691
678
674
684
677
697
673
628
689
678
674
687
676
697
673
685
680
672
692
675
628
697
673
685
679
671
694
675
697
673
681
680
670
631
695
675
697
673
679
680
675
695
675
693
677
628
677
680
677
695
675
691
678
674
684
677
697
673
628
689
678
674
687
676
697
673
685
680
672
692
675
628
697
673
685
679
671
694
675
697
673
681
680
673
628
695
675
697
673
679
680
675
695
675
693
677
675
630
680
677
695
675
691
678
674
684
677
697
673
687
630
678
674
687
676
697
673
685
680
672
692
675
697
628
673
685
679
671
694
675
697
673
681
680
673
695
628
675
697
673
679
680
675
695
675
693
677
675
630
680
677
695
675
691
678
674
684
677
697
673
687
630
678
674
687
676
697
673
685
680
672
692
675
697
628
673
685
679
671
694
675
697
673
681
680
673
695
628
675
697
673
679
680
675
695
675
693
677
675
682
308
0
0
0
0
0
0
0
0
0
0
0
0
0
0
0
0
0
0
0
0
0
0
0
0
0
0
0
0
0
0
0
0
0
0
0
0
0
0
0
0
0
0
0
0
0
0
0
0
0
0
0
0
0
0
0
0
0
0
0
0
0
0
0
0
0
0
0
0
0
0
0
0
0
0
0
0
0
0
0
0
0
0
0
0
0
0
0
0
0
0
0
0
0
0
0
0
0
0
0
0
0
0
0
0
0
0
0
0
0
0
0
0
0
0
0
0
0
0
0
0
0
0
0
0
0
0
0
0
0
0
0
0
0
0
0
0
0
0
0
0
0
0
0
0
0
0
0
0
0
0
0
0
0
0
0
0
0
0
0
0
0
0
0
0
0
0
0
0
0
0
0
0
0
0
0
0
0
0
0
0
0
0
0
0
0
0
0
0
0
0
0
0
0
0
0
0
0
0
0
0
0
0
0
0
0
0
0
0
0
0
0
0
0
0
0
0
0
0
0
0
0
0
0
0
0
0
0
0
0
0
0
0
0
0
0
0
0
0
0
0
0
0
0
0
0
0
0
0
0
0
0
0
0
0
0
0
0
0
0
0
0
0
0
0
0
0
0
0
0
0
0
0
0
0
0
0
0
0
0
0
0
0
0
0
0
0
0
0
0
0
0
0
0
0
0
0
0
0
0
0
0
0
0
0
0
0
0
0
0
0
0
0
0
0
0
0
0
0
0
0
0
0
0
0
0
0
0
0
0
0
0
0
0
0
0
0
0
0
0
0
0
0
0
0
0
0
0
0
0
0
0
0
0
0
0
0
0
0
0
0
0
0
0
0
0
0
0
0
0
0
0
0
0
0
0
0
0
0
0
0
0
0
0
0
0
0
0
0
0
0
0
0
0
0
0
0
0
0
0
0
0
0
0
0
0
0
0
0
0
0
0
0
0
0
0
0
0
0
0
0
0
0
0
0
0
0
0
0
0
0
0
0
0
0
0
0
0
0
0
0
0
0
0
0
0
0
0
0
0
0
0
0
0
0
0
0
0
0
0
0
0
0
0
0
0
0
0
0
0
0
0
0
0
0
0
0
0
0
0
0
0
0
0
0
0
0
0
0
0
0
0
0
0
0
0
0
0
0
0
0
0
0
0
0
0
0
0
0
0
0
0
0
0
0
0
0
0
0
0
0
0
0
0
0
0
0
0
0
0
0
0
0
0
0
0
0
0
0
0
0
0
0
0
0
0
0
0
0
0
0
0
0
0
0
0
0
0
0
0
0
0
0
0
0
0
0
0
0
0
0
0
0
0
0
0
0
0
0
0
0
0
0
0
0
0
0
0
0
0
0
0
0
0
0
0
0
0
0
0
0
0
0
0
0
0
0
0
0
0
0
0
0
0
0
0
0
0
0
0
0
0
0
0
0
0
0
0
0
0
0
0
0
0
0
0
0
0
0
0
0
0
0
0
0
0
0
0
0
0
0
0
0
0
0
0
0
0
0
0
0
0
0
0
0
0
0
0
0
0
0
0
0
0
0
0
0
0
0
0
0
0
0
0
0
0
0
0
0
0
0
0
0
0
0
0
0
0
0
0
0
0
0
0
0
0
0
0
0
0
0
0
0
0
0
0
0
0
0
0
0
0
0
0
0
0
0
0
0
0
0
0
0
0
0
0
0
0
0
0
0
0
0
0
0
0
0
0
0
0
0
0
0
0
0
0
0
0
0
0
0
0
0
0
0
0
0
0
0
0
0
0
0
0
0
0
0
0
0
0
0
0
0
0
0
0
0
0
0
0
0
0
0
0
0
0
0
0
0
0
0
0
0
0
0
0
0
0
0
0
0
0
0
0
0
0
0
0
0
0
0
0
0
0
0
0
0
0
0
0
0
0
0
0
0
0
0
0
0
0
0
0
0
0
0
0
0
0
0
0
0
0
0
0
0
0
0
0
0
0
0
0
0
0
0
0
0
0
0
0
0
0
0
0
0
0
0
0
0
0
0
0
0
0
0
0
0
0
0
0
0
0
0
0
0
0
0
0
0
0
0
0
0
0
0
0
0
0
0
0
0
0
0
0
0
0
0
0
0
0
0
0
0
0
0
0
0
0
0
0
0
0
0
0
0
0
0
0
0
0
0
0
0
0
0
0
0
0
0
0
0
0
0
0
0
0
0
0
0
0
0
0
0
0
0
0
0
0
0
0
0
0
0
0
0
0
0
0
0
0
0
0
0
0
0
0
0
0
0
0
0
0
0
0
0
0
0
0
0
0
0
0
0
0
0
0
0
0
0
0
0
0
0
0
0
0
0
0
0
0
0
0
0
0
0
0
0
0
0
0
0
0
0
0
0
0
0
0
0
0
0
0
0
0
0
0
0
0
0
0
0
0
0
0
0
0
0
0
0
0
0
0
0
0
0
0
0
0
0
0
0
0
0
0
0
0
0
0
0
0
0
0
0
0
0
0
0
0
0
0
0
0
0
0
0
0
0
0
0
0
0
0
0
0
0
0
0
0
0
0
0
0
0
0
0
0
0
0
0
0
0
0
0
0
0
0
0
0
0
0
0
0
0
0
0
0
0
0
0
0
0
0
0
0
0
0
0
0
0
0
0
0
0
0
0
0
0
0
0
0
0
0
0
0
0
0
0
0
0
0
0
0
0
0
0
0
0
0
0
0
0
0
0
0
0
0
0
0
0
0
0
0
0
0
0
0
0
0
0
0
0
0
0
0
0
0
0
0
0
0
0
0
0
0
0
0
0
0
0
0
0
0
0
0
0
0
0
0
0
0
0
0
0
0
0
0
0
0
0
0
0
0
0
0
0
0
0
0
0
0
0
0
0
