1883
1893
1889
1635
1417
1409
1414
1410
1412
1416
2181
2430
2374
2392
2406
2361
2438
2363
2418
2382
2384
2414
2353
2328
2440
2365
2414
2388
2379
2417
2349
2445
2368
2407
2393
2324
2377
2419
2353
2444
2367
2407
2391
2373
2426
2356
2440
2367
2324
2404
2394
2369
2429
2359
2435
2370
2396
2402
2364
2436
2360
2322
2430
2374
2392
2406
2361
2438
2363
2418
2382
2384
2414
2353
2328
2440
2365
2414
2388
2379
2417
2349
2445
2368
2407
2393
2373
2328
2419
2353
2444
2367
2407
2391
2373
2426
2356
2440
2367
2400
2328
2394
2369
2429
2359
2435
2370
2396
2402
2364
2436
2360
2424
2328
2374
2392
2406
2361
2438
2363
2418
2382
2384
2414
2353
2442
2326
2365
2414
2388
2379
2417
2349
2445
2368
2407
2393
2373
2334
2413
2353
2444
2367
2407
2391
2373
2426
2356
2440
2367
2400
2328
2394
2369
2429
2359
2435
2370
2396
2402
2364
2436
2360
2424
2328
2374
2392
2406
2361
2438
2363
2418
2382
2384
2414
2353
2442
2326
2365
2414
2388
2379
2417
2349
2445
2368
2407
2393
2373
2422
2325
2353
2444
2367
2407
2391
2373
2426
2356
2440
2367
2400
2398
2324
2369
2429
2359
2435
2370
2396
2402
2364
2436
2360
2424
2378
2324
2392
2406
2361
2438
2363
2418
2382
2384
2414
2353
2442
2367
2324
2414
2388
2379
2417
2349
2445
2368
2407
2393
2373
2422
2353
2325
2444
2367
2407
2391
2373
2426
2356
2440
2367
2400
2398
2324
2369
2429
2359
2435
2370
2396
2402
2364
2436
2360
2424
2378
2324
2392
2406
2361
2438
2363
2418
2382
2384
2414
2353
2442
2367
2324
2414
2388
2379
2417
2349
2445
2368
2407
2393
2373
2422
2356
2322
2444
2367
2407
2391
2373
2426
2356
2440
2367
2400
2398
2365
2328
2429
2359
2435
2370
2396
2402
2364
2436
2360
2424
2378
2388
2328
2406
2361
2438
2363
2418
2382
2384
2414
2353
2442
2367
2410
2328
2388
2379
2417
2349
2445
2368
2407
2393
2373
2422
2356
2442
2324
2367
2407
2391
2373
2426
2356
2440
2367
2400
2398
2365
2332
2425
2359
2435
2370
2396
2402
2364
2436
2360
2424
2378
2388
2328
2406
2361
2438
2363
2418
2382
2384
2414
2353
2442
2367
2410
2328
2388
2379
2417
2349
2445
2368
2407
2393
2373
2422
2356
2442
2324
2367
2407
2391
2373
2426
2356
2440
2367
2400
2398
2365
2433
2324
2359
2435
2370
2396
2402
2364
2436
2360
2424
2378
2388
2410
2324
2361
2438
2363
2418
2382
2384
2414
2353
2442
2367
2410
2390
2326
2379
2417
2349
2445
2368
2407
2393
2373
2422
2356
2442
2367
2324
2407
2391
2373
2426
2356
2440
2367
2400
2398
2365
2433
2357
2326
2435
2370
2396
2402
2364
2436
2360
2424
2378
2388
2410
2324
2361
2438
2363
2418
2382
2384
2414
2353
2442
2367
2410
2390
2326
2379
2417
2349
2445
2368
2407
2393
2373
2422
2356
2442
2367
2324
2407
2391
2373
2426
2356
2440
2367
2400
2398
2365
2433
2360
2323
2435
2370
2396
2402
2364
2436
2360
2424
2378
2388
2410
2357
2328
2438
2363
2418
2382
2384
2414
2353
2442
2367
2410
2390
2377
2328
2417
2349
2445
2368
2407
2393
2373
2422
2356
2442
2367
2404
2327
2391
2373
2426
2356
2440
2367
2400
2398
2365
2433
2360
2430
2328
2370
2396
2402
2364
2436
2360
2424
2378
2388
2410
2357
2328
2438
2363
2418
2382
2384
2414
2353
2442
2367
2410
2390
2377
2328
2417
2349
2445
2368
2407
2393
2373
2422
2356
2442
2367
2404
2327
2391
2373
2426
2356
2440
2367
2400
2398
2365
2433
2360
2430
2328
2370
2396
2402
2364
2436
2360
2424
2378
2388
2410
2357
2440
2326
2363
2418
2382
2384
2414
2353
2442
2367
2410
2390
2377
2419
2326
2349
2445
2368
2407
2393
2373
2422
2356
2442
2367
2404
2394
2324
2373
2426
2356
2440
2367
2400
2398
2365
2433
2360
2430
2374
2324
2396
2402
2364
2436
2360
2424
2378
2388
2410
2357
2440
2346
2343
2418
2382
2384
2414
2353
2442
2367
2410
2390
2377
2419
2326
2349
2445
2368
2407
2393
2373
2422
2356
2442
2367
2404
2394
2324
2373
2426
2356
2440
2367
2400
2398
2365
2433
2360
2430
2374
2324
2396
2402
2364
2436
2360
2424
2378
2388
2410
2357
2440
2365
2324
2418
2382
2384
2414
2353
2442
2367
2410
2390
2377
2419
2353
2322
2445
2368
2407
2393
2373
2422
2356
2442
2367
2404
2394
2369
2328
2426
2356
2440
2367
2400
2398
2365
2433
2360
2430
2374
2392
2328
2402
2364
2436
2360
2424
2378
2388
2410
2357
2440
2365
2414
2328
2382
2384
2414
2353
2442
2367
2410
2390
2377
2419
2353
2322
2445
2368
2407
2393
2373
2422
2356
2442
2367
2404
2394
2369
2328
2426
2356
2440
2367
2400
2398
2365
2433
2360
2430
2374
2392
2328
2402
2364
2436
2360
2424
2378
2388
2410
2357
2440
2365
2414
2328
2382
2384
2414
2353
2442
2367
2410
2390
2377
2419
2353
2444
1112
1
1
1
1
1
1
1
1
1
1
1
1
1
1
1
1
1
1
1
1
1
1
1
1
1
1
1
1
1
1
1
1
1
1
1
1
1
1
1
1
1
1
1
1
1
1
1
1
1
1
1
1
1
1
1
1
1
1
1
1
1
1
1
1
1
1
1
1
1
1
1
1
1
1
1
1
1
1
1
1
1
1
1
1
1
1
1
1
1
1
1
1
1
1
1
1
1
1
1
1
1
1
1
1
1
1
1
1
1
1
1
1
1
1
1
1
1
1
1
1
1
1
1
1
1
1
1
1
1
1
1
1
1
1
1
1
1
1
1
1
1
1
1
1
1
1
1
1
1
1
1
1
1
1
1
1
1
1
1
1
1
1
1
1
1
1
1
1
1
1
1
1
1
1
1
1
1
1
1
1
1
1
1
1
1
1
1
1
1
1
1
1
1
1
1
1
1
1
1
1
1
1
1
1
1
1
1
1
1
1
1
1
1
1
1
1
1
1
1
1
1
1
1
1
1
1
1
1
1
1
1
1
1
1
1
1
1
1
1
1
1
1
1
1
1
1
1
1
1
1
1
1
1
1
1
1
1
1
1
1
1
1
1
1
1
1
1
1
1
1
1
1
1
1
1
1
1
1
1
1
1
1
1
1
1
1
1
1
1
1
1
1
1
1
1
1
1
1
1
1
1
1
1
1
1
1
1
1
1
1
1
1
1
1
1
1
1
1
1
1
1
1
1
1
1
1
1
1
1
1
1
1
1
1
1
1
1
1
1
1
1
1
1
1
1
1
1
1
1
1
1
1
1
1
1
1
1
1
1
1
1
1
1
1
1
1
1
1
1
1
1
1
1
1
1
1
1
1
1
1
1
1
1
1
1
1
1
1
1
1
1
1
1
1
1
1
1
1
1
1
1
1
1
1
1
1
1
1
1
1
1
1
1
1
1
1
1
1
1
1
1
1
1
1
1
1
1
1
1
1
1
1
1
1
1
1
1
1
1
1
1
1
1
1
1
1
1
1
1
1
1
1
1
1
1
1
1
1
1
1
1
1
1
1
1
1
1
1
1
1
1
1
1
1
1
1
1
1
1
1
1
1
1
1
1
1
1
1
1
1
1
1
1
1
1
1
1
1
1
1
1
1
1
1
1
1
1
1
1
1
1
1
1
1
1
1
1
1
1
1
1
1
1
1
1
1
1
1
1
1
1
1
1
1
1
1
1
1
1
1
1
1
1
1
1
1
1
1
1
1
1
1
1
1
1
1
1
1
1
1
1
1
1
1
1
1
1
1
1
1
1
1
1
1
1
1
1
1
1
1
1
1
1
1
1
1
1
1
1
1
1
1
1
1
1
1
1
1
1
1
1
1
1
1
1
1
1
1
1
1
1
1
1
1
1
1
1
1
1
1
1
1
1
1
1
1
1
1
1
1
1
1
1
1
1
1
1
1
1
1
1
1
1
1
1
1
1
1
1
1
1
1
1
1
1
1
1
1
1
1
1
1
1
1
1
1
1
1
1
1
1
1
1
1
1
1
1
1
1
1
1
1
1
1
1
1
1
1
1
1
1
1
1
1
1
1
1
1
1
1
1
1
1
1
1
1
1
1
1
1
1
1
1
1
1
1
1
1
1
1
1
1
1
1
1
1
1
1
1
1
1
1
1
1
1
1
1
1
1
1
1
1
1
1
1
1
1
1
1
1
1
1
1
1
1
1
1
1
1
1
1
1
1
1
1
1
1
1
1
1
1
1
1
1
1
1
1
1
1
1
1
1
1
1
1
1
1
1
1
1
1
1
1
1
1
1
1
1
1
1
1
1
1
1
1
1
1
1
1
1
1
1
1
1
1
1
1
1
1
1
1
1
1
1
1
1
1
1
1
1
1
1
1
1
1
1
1
1
1
1
1
1
1
1
1
1
1
1
1
1
1
1
1
1
1
1
1
1
1
1
1
1
1
1
1
1
1
1
1
1
1
1
1
1
1
1
1
1
1
1
1
1
1
1
1
1
1
1
1
1
1
1
1
1
1
1
1
1
1
1
1
1
1
1
1
1
1
1
1
1
1
1
1
1
1
1
1
1
1
1
1
1
1
1
1
1
1
1
1
1
1
1
1
1
1
1
1
1
1
1
1
1
1
1
1
1
1
1
1
1
1
1
1
1
1
1
1
1
1
1
1
1
1
1
1
1
1
1
1
1
1
1
1
1
1
1
1
1
1
1
1
1
1
1
1
1
1
1
1
1
1
1
1
1
1
1
1
1
1
1
1
1
1
1
1
1
1
1
1
1
1
1
1
1
1
1
1
1
1
1
1
1
1
1
1
1
1
1
1
1
1
1
1
1
1
1
1
1
1
1
1
1
1
1
1
1
1
1
1
1
1
1
1
1
1
1
1
1
1
1
1
1
1
1
1
1
1
1
1
1
1
1
1
1
1
1
1
1
1
1
1
1
1
1
1
1
1
1
1
1
1
1
1
1
1
1
1
1
1
1
1
1
1
1
1
1
1
1
1
1
1
1
1
1
1
1
1
1
1
1
1
1
1
1
1
1
1
1
1
1
1
1
1
1
1
1
1
1
1
1
1
1
1
1
1
1
1
1
1
1
1
1
1
1
1
1
1
1
1
1
1
1
1
1
1
1
1
1
1
1
1
1
1
1
1
1
1
1
1
1
1
1
1
1
1
1
1
1
1
1
1
1
1
1
1
1
1
1
1
1
1
1
1
1
1
1
1
1
1
1
1
1
1
1
1
1
1
1
1
1
1
1
1
1
1
1
1
1
1
1
1
1
1
1
1
1
1
1
1
1
1
1
1
1
1
1
1
1
1
1
1
1
