1.883
1.893
1.889
1.635
1.417
1.409
1.414
1.41
1.412
1.416
2.181
2.43
2.374
2.392
2.406
2.361
2.438
2.363
2.418
2.382
2.384
2.414
2.353
2.328
2.44
2.365
2.414
2.388
2.379
2.417
2.349
2.445
2.368
2.407
2.393
2.324
2.377
2.419
2.353
2.444
2.367
2.407
2.391
2.373
2.426
2.356
2.44
2.367
2.324
2.404
2.394
2.369
2.429
2.359
2.435
2.37
2.396
2.402
2.364
2.436
2.36
2.322
2.43
2.374
2.392
2.406
2.361
2.438
2.363
2.418
2.382
2.384
2.414
2.353
2.328
2.44
2.365
2.414
2.388
2.379
2.417
2.349
2.445
2.368
2.407
2.393
2.373
2.328
2.419
2.353
2.444
2.367
2.407
2.391
2.373
2.426
2.356
2.44
2.367
2.4
2.328
2.394
2.369
2.429
2.359
2.435
2.37
2.396
2.402
2.364
2.436
2.36
2.424
2.328
2.374
2.392
2.406
2.361
2.438
2.363
2.418
2.382
2.384
2.414
2.353
2.442
2.326
2.365
2.414
2.388
2.379
2.417
2.349
2.445
2.368
2.407
2.393
2.373
2.334
2.413
2.353
2.444
2.367
2.407
2.391
2.373
2.426
2.356
2.44
2.367
2.4
2.328
2.394
2.369
2.429
2.359
2.435
2.37
2.396
2.402
2.364
2.436
2.36
2.424
2.328
2.374
2.392
2.406
2.361
2.438
2.363
2.418
2.382
2.384
2.414
2.353
2.442
2.326
2.365
2.414
2.388
2.379
2.417
2.349
2.445
2.368
2.407
2.393
2.373
2.422
2.325
2.353
2.444
2.367
2.407
2.391
2.373
2.426
2.356
2.44
2.367
2.4
2.398
2.324
2.369
2.429
2.359
2.435
2.37
2.396
2.402
2.364
2.436
2.36
2.424
2.378
2.324
2.392
2.406
2.361
2.438
2.363
2.418
2.382
2.384
2.414
2.353
2.442
2.367
2.324
2.414
2.388
2.379
2.417
2.349
2.445
2.368
2.407
2.393
2.373
2.422
2.353
2.325
2.444
2.367
2.407
2.391
2.373
2.426
2.356
2.44
2.367
2.4
2.398
2.324
2.369
2.429
2.359
2.435
2.37
2.396
2.402
2.364
2.436
2.36
2.424
2.378
2.324
2.392
2.406
2.361
2.438
2.363
2.418
2.382
2.384
2.414
2.353
2.442
2.367
2.324
2.414
2.388
2.379
2.417
2.349
2.445
2.368
2.407
2.393
2.373
2.422
2.356
2.322
2.444
2.367
2.407
2.391
2.373
2.426
2.356
2.44
2.367
2.4
2.398
2.365
2.328
2.429
2.359
2.435
2.37
2.396
2.402
2.364
2.436
2.36
2.424
2.378
2.388
2.328
2.406
2.361
2.438
2.363
2.418
2.382
2.384
2.414
2.353
2.442
2.367
2.41
2.328
2.388
2.379
2.417
2.349
2.445
2.368
2.407
2.393
2.373
2.422
2.356
2.442
2.324
2.367
2.407
2.391
2.373
2.426
2.356
2.44
2.367
2.4
2.398
2.365
2.332
2.425
2.359
2.435
2.37
2.396
2.402
2.364
2.436
2.36
2.424
2.378
2.388
2.328
2.406
2.361
2.438
2.363
2.418
2.382
2.384
2.414
2.353
2.442
2.367
2.41
2.328
2.388
2.379
2.417
2.349
2.445
2.368
2.407
2.393
2.373
2.422
2.356
2.442
2.324
2.367
2.407
2.391
2.373
2.426
2.356
2.44
2.367
2.4
2.398
2.365
2.433
2.324
2.359
2.435
2.37
2.396
2.402
2.364
2.436
2.36
2.424
2.378
2.388
2.41
2.324
2.361
2.438
2.363
2.418
2.382
2.384
2.414
2.353
2.442
2.367
2.41
2.39
2.326
2.379
2.417
2.349
2.445
2.368
2.407
2.393
2.373
2.422
2.356
2.442
2.367
2.324
2.407
2.391
2.373
2.426
2.356
2.44
2.367
2.4
2.398
2.365
2.433
2.357
2.326
2.435
2.37
2.396
2.402
2.364
2.436
2.36
2.424
2.378
2.388
2.41
2.324
2.361
2.438
2.363
2.418
2.382
2.384
2.414
2.353
2.442
2.367
2.41
2.39
2.326
2.379
2.417
2.349
2.445
2.368
2.407
2.393
2.373
2.422
2.356
2.442
2.367
2.324
2.407
2.391
2.373
2.426
2.356
2.44
2.367
2.4
2.398
2.365
2.433
2.36
2.323
2.435
2.37
2.396
2.402
2.364
2.436
2.36
2.424
2.378
2.388
2.41
2.357
2.328
2.438
2.363
2.418
2.382
2.384
2.414
2.353
2.442
2.367
2.41
2.39
2.377
2.328
2.417
2.349
2.445
2.368
2.407
2.393
2.373
2.422
2.356
2.442
2.367
2.404
2.327
2.391
2.373
2.426
2.356
2.44
2.367
2.4
2.398
2.365
2.433
2.36
2.43
2.328
2.37
2.396
2.402
2.364
2.436
2.36
2.424
2.378
2.388
2.41
2.357
2.328
2.438
2.363
2.418
2.382
2.384
2.414
2.353
2.442
2.367
2.41
2.39
2.377
2.328
2.417
2.349
2.445
2.368
2.407
2.393
2.373
2.422
2.356
2.442
2.367
2.404
2.327
2.391
2.373
2.426
2.356
2.44
2.367
2.4
2.398
2.365
2.433
2.36
2.43
2.328
2.37
2.396
2.402
2.364
2.436
2.36
2.424
2.378
2.388
2.41
2.357
2.44
2.326
2.363
2.418
2.382
2.384
2.414
2.353
2.442
2.367
2.41
2.39
2.377
2.419
2.326
2.349
2.445
2.368
2.407
2.393
2.373
2.422
2.356
2.442
2.367
2.404
2.394
2.324
2.373
2.426
2.356
2.44
2.367
2.4
2.398
2.365
2.433
2.36
2.43
2.374
2.324
2.396
2.402
2.364
2.436
2.36
2.424
2.378
2.388
2.41
2.357
2.44
2.346
2.343
2.418
2.382
2.384
2.414
2.353
2.442
2.367
2.41
2.39
2.377
2.419
2.326
2.349
2.445
2.368
2.407
2.393
2.373
2.422
2.356
2.442
2.367
2.404
2.394
2.324
2.373
2.426
2.356
2.44
2.367
2.4
2.398
2.365
2.433
2.36
2.43
2.374
2.324
2.396
2.402
2.364
2.436
2.36
2.424
2.378
2.388
2.41
2.357
2.44
2.365
2.324
2.418
2.382
2.384
2.414
2.353
2.442
2.367
2.41
2.39
2.377
2.419
2.353
2.322
2.445
2.368
2.407
2.393
2.373
2.422
2.356
2.442
2.367
2.404
2.394
2.369
2.328
2.426
2.356
2.44
2.367
2.4
2.398
2.365
2.433
2.36
2.43
2.374
2.392
2.328
2.402
2.364
2.436
2.36
2.424
2.378
2.388
2.41
2.357
2.44
2.365
2.414
2.328
2.382
2.384
2.414
2.353
2.442
2.367
2.41
2.39
2.377
2.419
2.353
2.322
2.445
2.368
2.407
2.393
2.373
2.422
2.356
2.442
2.367
2.404
2.394
2.369
2.328
2.426
2.356
2.44
2.367
2.4
2.398
2.365
2.433
2.36
2.43
2.374
2.392
2.328
2.402
2.364
2.436
2.36
2.424
2.378
2.388
2.41
2.357
2.44
2.365
2.414
2.328
2.382
2.384
2.414
2.353
2.442
2.367
2.41
2.39
2.377
2.419
2.353
2.444
2.21514
1
1
1
1
1
1
1
1
1
1
1
1
1
1
1
1
1
1
1
1
1
1
1
1
1
1
1
1
1
1
1
1
1
1
1
1
1
1
1
1
1
1
1
1
1
1
1
1
1
1
1
1
1
1
1
1
1
1
1
1
1
1
1
1
1
1
1
1
1
1
1
1
1
1
1
1
1
1
1
1
1
1
1
1
1
1
1
1
1
1
1
1
1
1
1
1
1
1
1
1
1
1
1
1
1
1
1
1
1
1
1
1
1
1
1
1
1
1
1
1
1
1
1
1
1
1
1
1
1
1
1
1
1
1
1
1
1
1
1
1
1
1
1
1
1
1
1
1
1
1
1
1
1
1
1
1
1
1
1
1
1
1
1
1
1
1
1
1
1
1
1
1
1
1
1
1
1
1
1
1
1
1
1
1
1
1
1
1
1
1
1
1
1
1
1
1
1
1
1
1
1
1
1
1
1
1
1
1
1
1
1
1
1
1
1
1
1
1
1
1
1
1
1
1
1
1
1
1
1
1
1
1
1
1
1
1
1
1
1
1
1
1
1
1
1
1
1
1
1
1
1
1
1
1
1
1
1
1
1
1
1
1
1
1
1
1
1
1
1
1
1
1
1
1
1
1
1
1
1
1
1
1
1
1
1
1
1
1
1
1
1
1
1
1
1
1
1
1
1
1
1
1
1
1
1
1
1
1
1
1
1
1
1
1
1
1
1
1
1
1
1
1
1
1
1
1
1
1
1
1
1
1
1
1
1
1
1
1
1
1
1
1
1
1
1
1
1
1
1
1
1
1
1
1
1
1
1
1
1
1
1
1
1
1
1
1
1
1
1
1
1
1
1
1
1
1
1
1
1
1
1
1
1
1
1
1
1
1
1
1
1
1
1
1
1
1
1
1
1
1
1
1
1
1
1
1
1
1
1
1
1
1
1
1
1
1
1
1
1
1
1
1
1
1
1
1
1
1
1
1
1
1
1
1
1
1
1
1
1
1
1
1
1
1
1
1
1
1
1
1
1
1
1
1
1
1
1
1
1
1
1
1
1
1
1
1
1
1
1
1
1
1
1
1
1
1
1
1
1
1
1
1
1
1
1
1
1
1
1
1
1
1
1
1
1
1
1
1
1
1
1
1
1
1
1
1
1
1
1
1
1
1
1
1
1
1
1
1
1
1
1
1
1
1
1
1
1
1
1
1
1
1
1
1
1
1
1
1
1
1
1
1
1
1
1
1
1
1
1
1
1
1
1
1
1
1
1
1
1
1
1
1
1
1
1
1
1
1
1
1
1
1
1
1
1
1
1
1
1
1
1
1
1
1
1
1
1
1
1
1
1
1
1
1
1
1
1
1
1
1
1
1
1
1
1
1
1
1
1
1
1
1
1
1
1
1
1
1
1
1
1
1
1
1
1
1
1
1
1
1
1
1
1
1
1
1
1
1
1
1
1
1
1
1
1
1
1
1
1
1
1
1
1
1
1
1
1
1
1
1
1
1
1
1
1
1
1
1
1
1
1
1
1
1
1
1
1
1
1
1
1
1
1
1
1
1
1
1
1
1
1
1
1
1
1
1
1
1
1
1
1
1
1
1
1
1
1
1
1
1
1
1
1
1
1
1
1
1
1
1
1
1
1
1
1
1
1
1
1
1
1
1
1
1
1
1
1
1
1
1
1
1
1
1
1
1
1
1
1
1
1
1
1
1
1
1
1
1
1
1
1
1
1
1
1
1
1
1
1
1
1
1
1
1
1
1
1
1
1
1
1
1
1
1
1
1
1
1
1
1
1
1
1
1
1
1
1
1
1
1
1
1
1
1
1
1
1
1
1
1
1
1
1
1
1
1
1
1
1
1
1
1
1
1
1
1
1
1
1
1
1
1
1
1
1
1
1
1
1
1
1
1
1
1
1
1
1
1
1
1
1
1
1
1
1
1
1
1
1
1
1
1
1
1
1
1
1
1
1
1
1
1
1
1
1
1
1
1
1
1
1
1
1
1
1
1
1
1
1
1
1
1
1
1
1
1
1
1
1
1
1
1
1
1
1
1
1
1
1
1
1
1
1
1
1
1
1
1
1
1
1
1
1
1
1
1
1
1
1
1
1
1
1
1
1
1
1
1
1
1
1
1
1
1
1
1
1
1
1
1
1
1
1
1
1
1
1
1
1
1
1
1
1
1
1
1
1
1
1
1
1
1
1
1
1
1
1
1
1
1
1
1
1
1
1
1
1
1
1
1
1
1
1
1
1
1
1
1
1
1
1
1
1
1
1
1
1
1
1
1
1
1
1
1
1
1
1
1
1
1
1
1
1
1
1
1
1
1
1
1
1
1
1
1
1
1
1
1
1
1
1
1
1
1
1
1
1
1
1
1
1
1
1
1
1
1
1
1
1
1
1
1
1
1
1
1
1
1
1
1
1
1
1
1
1
1
1
1
1
1
1
1
1
1
1
1
1
1
1
1
1
1
1
1
1
1
1
1
1
1
1
1
1
1
1
1
1
1
1
1
1
1
1
1
1
1
1
1
1
1
1
1
1
1
1
1
1
1
1
1
1
1
1
1
1
1
1
1
1
1
1
1
1
1
1
1
1
1
1
1
1
1
1
1
1
1
1
1
1
1
1
1
1
1
1
1
1
1
1
1
1
1
1
1
1
1
1
1
1
1
1
1
1
1
1
1
1
1
1
1
1
1
1
1
1
1
1
1
1
1
1
1
1
1
1
1
1
1
1
1
1
1
1
1
1
1
1
1
1
1
1
1
1
1
1
1
1
1
1
1
1
1
1
1
1
1
1
1
1
1
1
1
1
1
1
1
1
1
1
1
1
1
