2272
2282
2280
1955
1686
1670
1680
1674
1677
1682
2509
2792
2729
2746
2765
2710
2801
2716
2777
2738
2737
2774
2700
2672
2803
2719
2772
2744
2731
2778
2696
2810
2722
2764
2750
2667
2728
2780
2703
2809
2718
2765
2747
2724
2788
2708
2803
2719
2667
2760
2751
2719
2792
2708
2799
2724
2750
2761
2715
2797
2712
2664
2792
2729
2746
2765
2710
2801
2716
2777
2738
2737
2774
2700
2672
2803
2719
2772
2744
2731
2778
2696
2810
2722
2764
2750
2723
2672
2780
2703
2809
2718
2765
2747
2724
2788
2708
2803
2719
2755
2672
2751
2719
2792
2708
2799
2724
2750
2761
2715
2797
2712
2785
2671
2729
2746
2765
2710
2801
2716
2777
2738
2737
2774
2700
2805
2670
2719
2772
2744
2731
2778
2696
2810
2722
2764
2750
2723
2679
2773
2703
2809
2718
2765
2747
2724
2788
2708
2803
2719
2755
2672
2751
2719
2792
2708
2799
2724
2750
2761
2715
2797
2712
2785
2671
2729
2746
2765
2710
2801
2716
2777
2738
2737
2774
2700
2805
2670
2719
2772
2744
2731
2778
2696
2810
2722
2764
2750
2723
2783
2669
2703
2809
2718
2765
2747
2724
2788
2708
2803
2719
2755
2755
2668
2719
2792
2708
2799
2724
2750
2761
2715
2797
2712
2785
2733
2667
2746
2765
2710
2801
2716
2777
2738
2737
2774
2700
2805
2723
2666
2772
2744
2731
2778
2696
2810
2722
2764
2750
2723
2783
2705
2667
2809
2718
2765
2747
2724
2788
2708
2803
2719
2755
2755
2668
2719
2792
2708
2799
2724
2750
2761
2715
2797
2712
2785
2733
2667
2746
2765
2710
2801
2716
2777
2738
2737
2774
2700
2805
2723
2666
2772
2744
2731
2778
2696
2810
2722
2764
2750
2723
2783
2708
2664
2809
2718
2765
2747
2724
2788
2708
2803
2719
2755
2755
2715
2672
2792
2708
2799
2724
2750
2761
2715
2797
2712
2785
2733
2742
2671
2765
2710
2801
2716
2777
2738
2737
2774
2700
2805
2723
2766
2672
2744
2731
2778
2696
2810
2722
2764
2750
2723
2783
2708
2807
2666
2718
2765
2747
2724
2788
2708
2803
2719
2755
2755
2715
2676
2788
2708
2799
2724
2750
2761
2715
2797
2712
2785
2733
2742
2671
2765
2710
2801
2716
2777
2738
2737
2774
2700
2805
2723
2766
2672
2744
2731
2778
2696
2810
2722
2764
2750
2723
2783
2708
2807
2666
2718
2765
2747
2724
2788
2708
2803
2719
2755
2755
2715
2796
2668
2708
2799
2724
2750
2761
2715
2797
2712
2785
2733
2742
2768
2668
2710
2801
2716
2777
2738
2737
2774
2700
2805
2723
2766
2747
2669
2731
2778
2696
2810
2722
2764
2750
2723
2783
2708
2807
2718
2666
2765
2747
2724
2788
2708
2803
2719
2755
2755
2715
2796
2707
2669
2799
2724
2750
2761
2715
2797
2712
2785
2733
2742
2768
2668
2710
2801
2716
2777
2738
2737
2774
2700
2805
2723
2766
2747
2669
2731
2778
2696
2810
2722
2764
2750
2723
2783
2708
2807
2718
2666
2765
2747
2724
2788
2708
2803
2719
2755
2755
2715
2796
2711
2665
2799
2724
2750
2761
2715
2797
2712
2785
2733
2742
2768
2706
2672
2801
2716
2777
2738
2737
2774
2700
2805
2723
2766
2747
2728
2672
2778
2696
2810
2722
2764
2750
2723
2783
2708
2807
2718
2760
2671
2747
2724
2788
2708
2803
2719
2755
2755
2715
2796
2711
2792
2672
2724
2750
2761
2715
2797
2712
2785
2733
2742
2768
2706
2672
2801
2716
2777
2738
2737
2774
2700
2805
2723
2766
2747
2728
2672
2778
2696
2810
2722
2764
2750
2723
2783
2708
2807
2718
2760
2671
2747
2724
2788
2708
2803
2719
2755
2755
2715
2796
2711
2792
2672
2724
2750
2761
2715
2797
2712
2785
2733
2742
2768
2706
2803
2670
2716
2777
2738
2737
2774
2700
2805
2723
2766
2747
2728
2780
2670
2696
2810
2722
2764
2750
2723
2783
2708
2807
2718
2760
2751
2667
2724
2788
2708
2803
2719
2755
2755
2715
2796
2711
2792
2729
2667
2750
2761
2715
2797
2712
2785
2733
2742
2768
2706
2803
2694
2692
2777
2738
2737
2774
2700
2805
2723
2766
2747
2728
2780
2670
2696
2810
2722
2764
2750
2723
2783
2708
2807
2718
2760
2751
2667
2724
2788
2708
2803
2719
2755
2755
2715
2796
2711
2792
2729
2667
2750
2761
2715
2797
2712
2785
2733
2742
2768
2706
2803
2719
2667
2777
2738
2737
2774
2700
2805
2723
2766
2747
2728
2780
2703
2663
2810
2722
2764
2750
2723
2783
2708
2807
2718
2760
2751
2719
2672
2788
2708
2803
2719
2755
2755
2715
2796
2711
2792
2729
2746
2671
2761
2715
2797
2712
2785
2733
2742
2768
2706
2803
2719
2772
2672
2738
2737
2774
2700
2805
2723
2766
2747
2728
2780
2703
2663
2810
2722
2764
2750
2723
2783
2708
2807
2718
2760
2751
2719
2672
2788
2708
2803
2719
2755
2755
2715
2796
2711
2792
2729
2746
2671
2761
2715
2797
2712
2785
2733
2742
2768
2706
2803
2719
2772
2672
2738
2737
2774
2700
2805
2723
2766
2747
2728
2780
2703
2809
1272
0
0
0
0
0
0
0
0
0
0
0
0
0
0
0
0
0
0
0
0
0
0
0
0
0
0
0
0
0
0
0
0
0
0
0
0
0
0
0
0
0
0
0
0
0
0
0
0
0
0
0
0
0
0
0
0
0
0
0
0
0
0
0
0
0
0
0
0
0
0
0
0
0
0
0
0
0
0
0
0
0
0
0
0
0
0
0
0
0
0
0
0
0
0
0
0
0
0
0
0
0
0
0
0
0
0
0
0
0
0
0
0
0
0
0
0
0
0
0
0
0
0
0
0
0
0
0
0
0
0
0
0
0
0
0
0
0
0
0
0
0
0
0
0
0
0
0
0
0
0
0
0
0
0
0
0
0
0
0
0
0
0
0
0
0
0
0
0
0
0
0
0
0
0
0
0
0
0
0
0
0
0
0
0
0
0
0
0
0
0
0
0
0
0
0
0
0
0
0
0
0
0
0
0
0
0
0
0
0
0
0
0
0
0
0
0
0
0
0
0
0
0
0
0
0
0
0
0
0
0
0
0
0
0
0
0
0
0
0
0
0
0
0
0
0
0
0
0
0
0
0
0
0
0
0
0
0
0
0
0
0
0
0
0
0
0
0
0
0
0
0
0
0
0
0
0
0
0
0
0
0
0
0
0
0
0
0
0
0
0
0
0
0
0
0
0
0
0
0
0
0
0
0
0
0
0
0
0
0
0
0
0
0
0
0
0
0
0
0
0
0
0
0
0
0
0
0
0
0
0
0
0
0
0
0
0
0
0
0
0
0
0
0
0
0
0
0
0
0
0
0
0
0
0
0
0
0
0
0
0
0
0
0
0
0
0
0
0
0
0
0
0
0
0
0
0
0
0
0
0
0
0
0
0
0
0
0
0
0
0
0
0
0
0
0
0
0
0
0
0
0
0
0
0
0
0
0
0
0
0
0
0
0
0
0
0
0
0
0
0
0
0
0
0
0
0
0
0
0
0
0
0
0
0
0
0
0
0
0
0
0
0
0
0
0
0
0
0
0
0
0
0
0
0
0
0
0
0
0
0
0
0
0
0
0
0
0
0
0
0
0
0
0
0
0
0
0
0
0
0
0
0
0
0
0
0
0
0
0
0
0
0
0
0
0
0
0
0
0
0
0
0
0
0
0
0
0
0
0
0
0
0
0
0
0
0
0
0
0
0
0
0
0
0
0
0
0
0
0
0
0
0
0
0
0
0
0
0
0
0
0
0
0
0
0
0
0
0
0
0
0
0
0
0
0
0
0
0
0
0
0
0
0
0
0
0
0
0
0
0
0
0
0
0
0
0
0
0
0
0
0
0
0
0
0
0
0
0
0
0
0
0
0
0
0
0
0
0
0
0
0
0
0
0
0
0
0
0
0
0
0
0
0
0
0
0
0
0
0
0
0
0
0
0
0
0
0
0
0
0
0
0
0
0
0
0
0
0
0
0
0
0
0
0
0
0
0
0
0
0
0
0
0
0
0
0
0
0
0
0
0
0
0
0
0
0
0
0
0
0
0
0
0
0
0
0
0
0
0
0
0
0
0
0
0
0
0
0
0
0
0
0
0
0
0
0
0
0
0
0
0
0
0
0
0
0
0
0
0
0
0
0
0
0
0
0
0
0
0
0
0
0
0
0
0
0
0
0
0
0
0
0
0
0
0
0
0
0
0
0
0
0
0
0
0
0
0
0
0
0
0
0
0
0
0
0
0
0
0
0
0
0
0
0
0
0
0
0
0
0
0
0
0
0
0
0
0
0
0
0
0
0
0
0
0
0
0
0
0
0
0
0
0
0
0
0
0
0
0
0
0
0
0
0
0
0
0
0
0
0
0
0
0
0
0
0
0
0
0
0
0
0
0
0
0
0
0
0
0
0
0
0
0
0
0
0
0
0
0
0
0
0
0
0
0
0
0
0
0
0
0
0
0
0
0
0
0
0
0
0
0
0
0
0
0
0
0
0
0
0
0
0
0
0
0
0
0
0
0
0
0
0
0
0
0
0
0
0
0
0
0
0
0
0
0
0
0
0
0
0
0
0
0
0
0
0
0
0
0
0
0
0
0
0
0
0
0
0
0
0
0
0
0
0
0
0
0
0
0
0
0
0
0
0
0
0
0
0
0
0
0
0
0
0
0
0
0
0
0
0
0
0
0
0
0
0
0
0
0
0
0
0
0
0
0
0
0
0
0
0
0
0
0
0
0
0
0
0
0
0
0
0
0
0
0
0
0
0
0
0
0
0
0
0
0
0
0
0
0
0
0
0
0
0
0
0
0
0
0
0
0
0
0
0
0
0
0
0
0
0
0
0
0
0
0
0
0
0
0
0
0
0
0
0
0
0
0
0
0
0
0
0
0
0
0
0
0
0
0
0
0
0
0
0
0
0
0
0
0
0
0
0
0
0
0
0
0
0
0
0
0
0
0
0
0
0
0
0
0
0
0
0
0
0
0
0
0
0
0
0
0
0
0
0
0
0
0
0
0
0
0
0
0
0
0
0
0
0
0
0
0
0
0
0
0
0
0
0
0
0
0
0
0
0
0
0
0
0
0
0
0
0
0
0
0
0
0
0
0
0
0
0
0
0
0
0
0
0
0
0
0
0
0
0
0
0
0
0
0
0
0
0
0
0
0
0
0
0
0
0
0
0
0
0
0
0
0
0
0
0
0
0
0
0
0
0
0
0
0
0
0
0
0
0
0
0
0
0
0
0
0
0
0
0
0
0
0
0
0
0
0
0
0
0
0
0
0
0
0
0
0
0
0
0
0
0
0
0
0
0
0
0
0
0
0
0
0
0
0
0
0
0
0
0
0
0
0
0
0
0
0
0
