616
610
613
569
534
529
529
529
529
530
954
1050
1039
1023
1059
1003
1069
1028
1041
1044
1018
1062
999
1008
1068
1031
1038
1046
1016
1063
1003
1070
1032
1035
1044
1006
1016
1063
1006
1069
1032
1033
1045
1015
1065
1014
1060
1035
1004
1030
1050
1010
1067
1016
1056
1038
1025
1054
1008
1068
1024
1002
1050
1039
1023
1059
1003
1069
1028
1041
1044
1018
1062
1002
1005
1068
1031
1038
1046
1016
1063
1003
1070
1032
1035
1044
1017
1005
1063
1006
1069
1032
1033
1045
1015
1065
1014
1060
1035
1027
1007
1050
1010
1067
1016
1056
1038
1025
1054
1008
1068
1024
1046
1006
1039
1023
1059
1003
1069
1028
1041
1044
1018
1062
1002
1069
1004
1031
1038
1046
1016
1063
1003
1070
1032
1035
1044
1017
1002
1066
1006
1069
1032
1033
1045
1015
1065
1014
1060
1035
1027
1007
1050
1010
1067
1016
1056
1038
1025
1054
1008
1068
1024
1046
1006
1039
1023
1059
1003
1069
1028
1041
1044
1018
1062
1002
1069
1004
1031
1038
1046
1016
1063
1003
1070
1032
1035
1044
1017
1063
1005
1006
1069
1032
1033
1045
1015
1065
1014
1060
1035
1027
1054
1003
1010
1067
1016
1056
1038
1025
1054
1008
1068
1024
1046
1040
1005
1023
1059
1003
1069
1028
1041
1044
1018
1062
1002
1069
1030
1005
1038
1046
1016
1063
1003
1070
1032
1035
1044
1017
1063
1006
1005
1069
1032
1033
1045
1015
1065
1014
1060
1035
1027
1054
1003
1010
1067
1016
1056
1038
1025
1054
1008
1068
1024
1046
1040
1005
1023
1059
1003
1069
1028
1041
1044
1018
1062
1002
1069
1030
1005
1038
1046
1016
1063
1003
1070
1032
1035
1044
1017
1063
1010
1001
1069
1032
1033
1045
1015
1065
1014
1060
1035
1027
1054
1008
1005
1067
1016
1056
1038
1025
1054
1008
1068
1024
1046
1040
1022
1006
1059
1003
1069
1028
1041
1044
1018
1062
1002
1069
1030
1037
1006
1046
1016
1063
1003
1070
1032
1035
1044
1017
1063
1010
1065
1005
1032
1033
1045
1015
1065
1014
1060
1035
1027
1054
1008
1005
1067
1016
1056
1038
1025
1054
1008
1068
1024
1046
1040
1022
1006
1059
1003
1069
1028
1041
1044
1018
1062
1002
1069
1030
1037
1006
1046
1016
1063
1003
1070
1032
1035
1044
1017
1063
1010
1065
1005
1032
1033
1045
1015
1065
1014
1060
1035
1027
1054
1008
1068
1004
1016
1056
1038
1025
1054
1008
1068
1024
1046
1040
1022
1061
1004
1003
1069
1028
1041
1044
1018
1062
1002
1069
1030
1037
1046
1006
1016
1063
1003
1070
1032
1035
1044
1017
1063
1010
1065
1033
1004
1033
1045
1015
1065
1014
1060
1035
1027
1054
1008
1068
1003
1017
1056
1038
1025
1054
1008
1068
1024
1046
1040
1022
1061
1004
1003
1069
1028
1041
1044
1018
1062
1002
1069
1030
1037
1046
1006
1016
1063
1003
1070
1032
1035
1044
1017
1063
1010
1065
1033
1004
1033
1045
1015
1065
1014
1060
1035
1027
1054
1008
1068
1020
1000
1056
1038
1025
1054
1008
1068
1024
1046
1040
1022
1061
1001
1006
1069
1028
1041
1044
1018
1062
1002
1069
1030
1037
1046
1016
1006
1063
1003
1070
1032
1035
1044
1017
1063
1010
1065
1033
1030
1007
1045
1015
1065
1014
1060
1035
1027
1054
1008
1068
1020
1050
1006
1038
1025
1054
1008
1068
1024
1046
1040
1022
1061
1001
1005
1070
1028
1041
1044
1018
1062
1002
1069
1030
1037
1046
1016
1006
1063
1003
1070
1032
1035
1044
1017
1063
1010
1065
1033
1030
1007
1045
1015
1065
1014
1060
1035
1027
1054
1008
1068
1020
1050
1006
1038
1025
1054
1008
1068
1024
1046
1040
1022
1061
1001
1068
1007
1028
1041
1044
1018
1062
1002
1069
1030
1037
1046
1016
1063
1006
1003
1070
1032
1035
1044
1017
1063
1010
1065
1033
1030
1050
1002
1015
1065
1014
1060
1035
1027
1054
1008
1068
1020
1050
1039
1005
1025
1054
1008
1068
1024
1046
1040
1022
1061
1001
1068
1002
1033
1041
1044
1018
1062
1002
1069
1030
1037
1046
1016
1063
1006
1003
1070
1032
1035
1044
1017
1063
1010
1065
1033
1030
1050
1002
1015
1065
1014
1060
1035
1027
1054
1008
1068
1020
1050
1039
1005
1025
1054
1008
1068
1024
1046
1040
1022
1061
1001
1068
1031
1004
1041
1044
1018
1062
1002
1069
1030
1037
1046
1016
1063
1006
1003
1070
1032
1035
1044
1017
1063
1010
1065
1033
1030
1050
1010
1007
1065
1014
1060
1035
1027
1054
1008
1068
1020
1050
1039
1023
1007
1054
1008
1068
1024
1046
1040
1022
1061
1001
1068
1031
1038
1007
1044
1018
1062
1002
1069
1030
1037
1046
1016
1063
1006
1003
1070
1032
1035
1044
1017
1063
1010
1065
1033
1030
1050
1010
1007
1065
1014
1060
1035
1027
1054
1008
1068
1020
1050
1039
1023
1007
1054
1008
1068
1024
1046
1040
1022
1061
1001
1068
1031
1038
1007
1044
1018
1062
1002
1069
1030
1037
1046
1016
1063
1006
1069
457
0
0
0
0
0
0
0
0
0
0
0
0
0
0
0
0
0
0
0
0
0
0
0
0
0
0
0
0
0
0
0
0
0
0
0
0
0
0
0
0
0
0
0
0
0
0
0
0
0
0
0
0
0
0
0
0
0
0
0
0
0
0
0
0
0
0
0
0
0
0
0
0
0
0
0
0
0
0
0
0
0
0
0
0
0
0
0
0
0
0
0
0
0
0
0
0
0
0
0
0
0
0
0
0
0
0
0
0
0
0
0
0
0
0
0
0
0
0
0
0
0
0
0
0
0
0
0
0
0
0
0
0
0
0
0
0
0
0
0
0
0
0
0
0
0
0
0
0
0
0
0
0
0
0
0
0
0
0
0
0
0
0
0
0
0
0
0
0
0
0
0
0
0
0
0
0
0
0
0
0
0
0
0
0
0
0
0
0
0
0
0
0
0
0
0
0
0
0
0
0
0
0
0
0
0
0
0
0
0
0
0
0
0
0
0
0
0
0
0
0
0
0
0
0
0
0
0
0
0
0
0
0
0
0
0
0
0
0
0
0
0
0
0
0
0
0
0
0
0
0
0
0
0
0
0
0
0
0
0
0
0
0
0
0
0
0
0
0
0
0
0
0
0
0
0
0
0
0
0
0
0
0
0
0
0
0
0
0
0
0
0
0
0
0
0
0
0
0
0
0
0
0
0
0
0
0
0
0
0
0
0
0
0
0
0
0
0
0
0
0
0
0
0
0
0
0
0
0
0
0
0
0
0
0
0
0
0
0
0
0
0
0
0
0
0
0
0
0
0
0
0
0
0
0
0
0
0
0
0
0
0
0
0
0
0
0
0
0
0
0
0
0
0
0
0
0
0
0
0
0
0
0
0
0
0
0
0
0
0
0
0
0
0
0
0
0
0
0
0
0
0
0
0
0
0
0
0
0
0
0
0
0
0
0
0
0
0
0
0
0
0
0
0
0
0
0
0
0
0
0
0
0
0
0
0
0
0
0
0
0
0
0
0
0
0
0
0
0
0
0
0
0
0
0
0
0
0
0
0
0
0
0
0
0
0
0
0
0
0
0
0
0
0
0
0
0
0
0
0
0
0
0
0
0
0
0
0
0
0
0
0
0
0
0
0
0
0
0
0
0
0
0
0
0
0
0
0
0
0
0
0
0
0
0
0
0
0
0
0
0
0
0
0
0
0
0
0
0
0
0
0
0
0
0
0
0
0
0
0
0
0
0
0
0
0
0
0
0
0
0
0
0
0
0
0
0
0
0
0
0
0
0
0
0
0
0
0
0
0
0
0
0
0
0
0
0
0
0
0
0
0
0
0
0
0
0
0
0
0
0
0
0
0
0
0
0
0
0
0
0
0
0
0
0
0
0
0
0
0
0
0
0
0
0
0
0
0
0
0
0
0
0
0
0
0
0
0
0
0
0
0
0
0
0
0
0
0
0
0
0
0
0
0
0
0
0
0
0
0
0
0
0
0
0
0
0
0
0
0
0
0
0
0
0
0
0
0
0
0
0
0
0
0
0
0
0
0
0
0
0
0
0
0
0
0
0
0
0
0
0
0
0
0
0
0
0
0
0
0
0
0
0
0
0
0
0
0
0
0
0
0
0
0
0
0
0
0
0
0
0
0
0
0
0
0
0
0
0
0
0
0
0
0
0
0
0
0
0
0
0
0
0
0
0
0
0
0
0
0
0
0
0
0
0
0
0
0
0
0
0
0
0
0
0
0
0
0
0
0
0
0
0
0
0
0
0
0
0
0
0
0
0
0
0
0
0
0
0
0
0
0
0
0
0
0
0
0
0
0
0
0
0
0
0
0
0
0
0
0
0
0
0
0
0
0
0
0
0
0
0
0
0
0
0
0
0
0
0
0
0
0
0
0
0
0
0
0
0
0
0
0
0
0
0
0
0
0
0
0
0
0
0
0
0
0
0
0
0
0
0
0
0
0
0
0
0
0
0
0
0
0
0
0
0
0
0
0
0
0
0
0
0
0
0
0
0
0
0
0
0
0
0
0
0
0
0
0
0
0
0
0
0
0
0
0
0
0
0
0
0
0
0
0
0
0
0
0
0
0
0
0
0
0
0
0
0
0
0
0
0
0
0
0
0
0
0
0
0
0
0
0
0
0
0
0
0
0
0
0
0
0
0
0
0
0
0
0
0
0
0
0
0
0
0
0
0
0
0
0
0
0
0
0
0
0
0
0
0
0
0
0
0
0
0
0
0
0
0
0
0
0
0
0
0
0
0
0
0
0
0
0
0
0
0
0
0
0
0
0
0
0
0
0
0
0
0
0
0
0
0
0
0
0
0
0
0
0
0
0
0
0
0
0
0
0
0
0
0
0
0
0
0
0
0
0
0
0
0
0
0
0
0
0
0
0
0
0
0
0
0
0
0
0
0
0
0
0
0
0
0
0
0
0
0
0
0
0
0
0
0
0
0
0
0
0
0
0
0
0
0
0
0
0
0
0
0
0
0
0
0
0
0
0
0
0
0
0
0
0
0
0
0
0
0
0
0
0
0
0
0
0
0
0
0
0
0
0
0
0
0
0
0
0
0
0
0
0
0
0
0
0
0
0
0
0
0
0
0
0
0
0
0
0
0
0
0
0
0
0
0
0
0
0
0
0
0
0
0
0
0
0
0
0
0
0
0
0
0
0
0
0
0
0
0
0
0
0
0
0
0
0
0
0
0
0
0
0
0
0
0
0
0
0
0
0
0
0
0
0
0
0
0
0
0
0
0
0
0
0
0
0
0
0
0
0
0
0
0
0
0
0
0
0
0
0
0
0
0
0
0
0
0
0
0
0
0
0
0
0
0
0
0
