937
947
944
816
705
705
708
704
707
708
1075
1222
1178
1209
1189
1197
1209
1176
1219
1181
1206
1194
1193
1162
1212
1175
1218
1183
1204
1196
1186
1215
1177
1214
1189
1161
1202
1198
1185
1217
1176
1215
1187
1199
1202
1182
1221
1174
1162
1214
1186
1200
1203
1181
1221
1175
1211
1190
1196
1208
1176
1162
1222
1178
1209
1189
1197
1209
1176
1219
1181
1206
1194
1190
1165
1212
1175
1218
1183
1204
1196
1186
1215
1177
1214
1189
1198
1165
1198
1185
1217
1176
1215
1187
1199
1202
1182
1221
1174
1213
1163
1186
1200
1203
1181
1221
1175
1211
1190
1196
1208
1176
1220
1164
1178
1209
1189
1197
1209
1176
1219
1181
1206
1194
1190
1213
1164
1175
1218
1183
1204
1196
1186
1215
1177
1214
1189
1198
1171
1192
1185
1217
1176
1215
1187
1199
1202
1182
1221
1174
1213
1163
1186
1200
1203
1181
1221
1175
1211
1190
1196
1208
1176
1220
1164
1178
1209
1189
1197
1209
1176
1219
1181
1206
1194
1190
1213
1164
1175
1218
1183
1204
1196
1186
1215
1177
1214
1189
1198
1200
1163
1185
1217
1176
1215
1187
1199
1202
1182
1221
1174
1213
1186
1163
1200
1203
1181
1221
1175
1211
1190
1196
1208
1176
1220
1181
1161
1209
1189
1197
1209
1176
1219
1181
1206
1194
1190
1213
1178
1161
1218
1183
1204
1196
1186
1215
1177
1214
1189
1198
1200
1186
1162
1217
1176
1215
1187
1199
1202
1182
1221
1174
1213
1186
1163
1200
1203
1181
1221
1175
1211
1190
1196
1208
1176
1220
1181
1161
1209
1189
1197
1209
1176
1219
1181
1206
1194
1190
1213
1178
1161
1218
1183
1204
1196
1186
1215
1177
1214
1189
1198
1200
1185
1163
1217
1176
1215
1187
1199
1202
1182
1221
1174
1213
1186
1198
1165
1203
1181
1221
1175
1211
1190
1196
1208
1176
1220
1181
1206
1164
1189
1197
1209
1176
1219
1181
1206
1194
1190
1213
1178
1215
1164
1183
1204
1196
1186
1215
1177
1214
1189
1198
1200
1185
1219
1161
1176
1215
1187
1199
1202
1182
1221
1174
1213
1186
1198
1167
1201
1181
1221
1175
1211
1190
1196
1208
1176
1220
1181
1206
1164
1189
1197
1209
1176
1219
1181
1206
1194
1190
1213
1178
1215
1164
1183
1204
1196
1186
1215
1177
1214
1189
1198
1200
1185
1219
1161
1176
1215
1187
1199
1202
1182
1221
1174
1213
1186
1198
1205
1163
1181
1221
1175
1211
1190
1196
1208
1176
1220
1181
1206
1191
1162
1197
1209
1176
1219
1181
1206
1194
1190
1213
1178
1215
1185
1162
1204
1196
1186
1215
1177
1214
1189
1198
1200
1185
1219
1175
1162
1215
1187
1199
1202
1182
1221
1174
1213
1186
1198
1205
1192
1152
1221
1175
1211
1190
1196
1208
1176
1220
1181
1206
1191
1162
1197
1209
1176
1219
1181
1206
1194
1190
1213
1178
1215
1185
1162
1204
1196
1186
1215
1177
1214
1189
1198
1200
1185
1219
1175
1162
1215
1187
1199
1202
1182
1221
1174
1213
1186
1198
1205
1179
1165
1221
1175
1211
1190
1196
1208
1176
1220
1181
1206
1191
1195
1164
1209
1176
1219
1181
1206
1194
1190
1213
1178
1215
1185
1202
1164
1196
1186
1215
1177
1214
1189
1198
1200
1185
1219
1175
1214
1163
1187
1199
1202
1182
1221
1174
1213
1186
1198
1205
1179
1222
1164
1175
1211
1190
1196
1208
1176
1220
1181
1206
1191
1195
1165
1208
1176
1219
1181
1206
1194
1190
1213
1178
1215
1185
1202
1164
1196
1186
1215
1177
1214
1189
1198
1200
1185
1219
1175
1214
1163
1187
1199
1202
1182
1221
1174
1213
1186
1198
1205
1179
1222
1164
1175
1211
1190
1196
1208
1176
1220
1181
1206
1191
1195
1212
1161
1176
1219
1181
1206
1194
1190
1213
1178
1215
1185
1202
1198
1162
1186
1215
1177
1214
1189
1198
1200
1185
1219
1175
1214
1186
1164
1199
1202
1182
1221
1174
1213
1186
1198
1205
1179
1222
1178
1161
1211
1190
1196
1208
1176
1220
1181
1206
1191
1195
1212
1184
1153
1219
1181
1206
1194
1190
1213
1178
1215
1185
1202
1198
1162
1186
1215
1177
1214
1189
1198
1200
1185
1219
1175
1214
1186
1164
1199
1202
1182
1221
1174
1213
1186
1198
1205
1179
1222
1178
1161
1211
1190
1196
1208
1176
1220
1181
1206
1191
1195
1212
1175
1162
1219
1181
1206
1194
1190
1213
1178
1215
1185
1202
1198
1185
1163
1215
1177
1214
1189
1198
1200
1185
1219
1175
1214
1186
1200
1163
1202
1182
1221
1174
1213
1186
1198
1205
1179
1222
1178
1209
1163
1190
1196
1208
1176
1220
1181
1206
1191
1195
1212
1175
1218
1163
1181
1206
1194
1190
1213
1178
1215
1185
1202
1198
1185
1163
1215
1177
1214
1189
1198
1200
1185
1219
1175
1214
1186
1200
1163
1202
1182
1221
1174
1213
1186
1198
1205
1179
1222
1178
1209
1163
1190
1196
1208
1176
1220
1181
1206
1191
1195
1212
1175
1218
1163
1181
1206
1194
1190
1213
1178
1215
1185
1202
1198
1185
1217
574
0
0
0
0
0
0
0
0
0
0
0
0
0
0
0
0
0
0
0
0
0
0
0
0
0
0
0
0
0
0
0
0
0
0
0
0
0
0
0
0
0
0
0
0
0
0
0
0
0
0
0
0
0
0
0
0
0
0
0
0
0
0
0
0
0
0
0
0
0
0
0
0
0
0
0
0
0
0
0
0
0
0
0
0
0
0
0
0
0
0
0
0
0
0
0
0
0
0
0
0
0
0
0
0
0
0
0
0
0
0
0
0
0
0
0
0
0
0
0
0
0
0
0
0
0
0
0
0
0
0
0
0
0
0
0
0
0
0
0
0
0
0
0
0
0
0
0
0
0
0
0
0
0
0
0
0
0
0
0
0
0
0
0
0
0
0
0
0
0
0
0
0
0
0
0
0
0
0
0
0
0
0
0
0
0
0
0
0
0
0
0
0
0
0
0
0
0
0
0
0
0
0
0
0
0
0
0
0
0
0
0
0
0
0
0
0
0
0
0
0
0
0
0
0
0
0
0
0
0
0
0
0
0
0
0
0
0
0
0
0
0
0
0
0
0
0
0
0
0
0
0
0
0
0
0
0
0
0
0
0
0
0
0
0
0
0
0
0
0
0
0
0
0
0
0
0
0
0
0
0
0
0
0
0
0
0
0
0
0
0
0
0
0
0
0
0
0
0
0
0
0
0
0
0
0
0
0
0
0
0
0
0
0
0
0
0
0
0
0
0
0
0
0
0
0
0
0
0
0
0
0
0
0
0
0
0
0
0
0
0
0
0
0
0
0
0
0
0
0
0
0
0
0
0
0
0
0
0
0
0
0
0
0
0
0
0
0
0
0
0
0
0
0
0
0
0
0
0
0
0
0
0
0
0
0
0
0
0
0
0
0
0
0
0
0
0
0
0
0
0
0
0
0
0
0
0
0
0
0
0
0
0
0
0
0
0
0
0
0
0
0
0
0
0
0
0
0
0
0
0
0
0
0
0
0
0
0
0
0
0
0
0
0
0
0
0
0
0
0
0
0
0
0
0
0
0
0
0
0
0
0
0
0
0
0
0
0
0
0
0
0
0
0
0
0
0
0
0
0
0
0
0
0
0
0
0
0
0
0
0
0
0
0
0
0
0
0
0
0
0
0
0
0
0
0
0
0
0
0
0
0
0
0
0
0
0
0
0
0
0
0
0
0
0
0
0
0
0
0
0
0
0
0
0
0
0
0
0
0
0
0
0
0
0
0
0
0
0
0
0
0
0
0
0
0
0
0
0
0
0
0
0
0
0
0
0
0
0
0
0
0
0
0
0
0
0
0
0
0
0
0
0
0
0
0
0
0
0
0
0
0
0
0
0
0
0
0
0
0
0
0
0
0
0
0
0
0
0
0
0
0
0
0
0
0
0
0
0
0
0
0
0
0
0
0
0
0
0
0
0
0
0
0
0
0
0
0
0
0
0
0
0
0
0
0
0
0
0
0
0
0
0
0
0
0
0
0
0
0
0
0
0
0
0
0
0
0
0
0
0
0
0
0
0
0
0
0
0
0
0
0
0
0
0
0
0
0
0
0
0
0
0
0
0
0
0
0
0
0
0
0
0
0
0
0
0
0
0
0
0
0
0
0
0
0
0
0
0
0
0
0
0
0
0
0
0
0
0
0
0
0
0
0
0
0
0
0
0
0
0
0
0
0
0
0
0
0
0
0
0
0
0
0
0
0
0
0
0
0
0
0
0
0
0
0
0
0
0
0
0
0
0
0
0
0
0
0
0
0
0
0
0
0
0
0
0
0
0
0
0
0
0
0
0
0
0
0
0
0
0
0
0
0
0
0
0
0
0
0
0
0
0
0
0
0
0
0
0
0
0
0
0
0
0
0
0
0
0
0
0
0
0
0
0
0
0
0
0
0
0
0
0
0
0
0
0
0
0
0
0
0
0
0
0
0
0
0
0
0
0
0
0
0
0
0
0
0
0
0
0
0
0
0
0
0
0
0
0
0
0
0
0
0
0
0
0
0
0
0
0
0
0
0
0
0
0
0
0
0
0
0
0
0
0
0
0
0
0
0
0
0
0
0
0
0
0
0
0
0
0
0
0
0
0
0
0
0
0
0
0
0
0
0
0
0
0
0
0
0
0
0
0
0
0
0
0
0
0
0
0
0
0
0
0
0
0
0
0
0
0
0
0
0
0
0
0
0
0
0
0
0
0
0
0
0
0
0
0
0
0
0
0
0
0
0
0
0
0
0
0
0
0
0
0
0
0
0
0
0
0
0
0
0
0
0
0
0
0
0
0
0
0
0
0
0
0
0
0
0
0
0
0
0
0
0
0
0
0
0
0
0
0
0
0
0
0
0
0
0
0
0
0
0
0
0
0
0
0
0
0
0
0
0
0
0
0
0
0
0
0
0
0
0
0
0
0
0
0
0
0
0
0
0
0
0
0
0
0
0
0
0
0
0
0
0
0
0
0
0
0
0
0
0
0
0
0
0
0
0
0
0
0
0
0
0
0
0
0
0
0
0
0
0
0
0
0
0
0
0
0
0
0
0
0
0
0
0
0
0
0
0
0
0
0
0
0
0
0
0
0
0
0
0
0
0
0
0
0
0
0
0
0
0
0
0
0
0
0
0
0
0
0
0
0
0
0
0
0
0
0
0
0
0
0
0
0
0
0
0
0
0
0
0
0
0
0
0
0
0
0
0
0
0
0
0
0
0
0
0
0
0
0
0
0
0
0
0
0
0
0
0
0
0
0
0
0
0
0
0
0
0
0
0
0
0
0
0
0
0
0
0
0
0
0
0
0
0
0
0
0
0
0
0
0
0
0
0
0
0
0
0
0
