1170
1166
1168
1166
1166
1168
1166
1166
1168
1166
1166
1168
1166
1166
1168
1166
1166
1168
1166
1166
1168
1166
1166
1168
1166
1166
1168
1166
1166
1168
1166
1166
1168
1166
1166
1168
1166
1166
1168
1166
1166
1168
1166
1166
1168
1166
1166
1168
1166
1166
1168
1166
1166
1168
1166
1166
1168
1166
1166
1168
1166
1166
1168
1166
1166
1168
1166
1166
1168
1166
1166
1168
1166
1166
1168
1166
1166
1168
1166
1166
1168
1166
1166
1168
1166
1166
1168
1166
1166
1168
1166
1166
1168
1166
1166
1168
1166
1166
1168
1166
1166
1168
1166
1166
1168
1166
1166
1168
1166
1166
1168
1166
1166
1168
1166
1166
1168
1166
1166
1168
1166
1166
1168
1166
1166
1168
1166
1166
1168
1166
1166
1168
1166
1166
1168
1166
1166
1168
1166
1166
1168
1166
1166
1168
1166
1166
1168
1166
1166
1168
1166
1166
1168
1166
1166
1168
1166
1166
1168
1166
1166
1168
1166
1166
1168
1166
1166
1168
1166
1166
1168
1166
1166
1168
1166
1166
1168
1166
1166
1168
1166
1166
1168
1166
1166
1168
1166
1166
1168
1166
1166
1168
1166
1166
1168
1166
1166
1168
1166
1166
1168
1166
1166
1168
1166
1166
1168
1166
1166
1168
1166
1166
1168
1166
1166
1168
1166
1166
1168
1166
1166
1168
1166
1166
1168
1166
1166
1168
1166
1166
1168
1166
1166
1168
1166
1166
1168
1166
1166
1168
1166
1166
1168
1166
1166
1168
1166
1166
1168
1166
1166
1168
1166
1166
1168
1166
1166
1168
1166
1166
1168
1166
1166
1168
1166
1166
1168
1166
1166
1168
1166
1166
1168
1166
1166
1168
1166
1166
1168
1166
1166
1168
1166
1166
1168
1166
1166
1168
1166
1166
1168
1166
1166
1168
1166
1166
1168
1166
1166
1168
1166
1166
1168
1316
1574
1570
1548
1572
1570
1550
1572
1544
1574
1570
1548
1572
1570
1550
1572
1544
1574
1570
1548
1572
1570
1550
1572
1544
1574
1570
1548
1572
1570
1550
1572
1544
1574
1570
1548
1572
1570
1550
1572
1544
1574
1570
1548
1572
1570
1550
1572
1544
1621
1921
1955
1923
1917
1921
1955
1923
1918
1920
1955
1923
1955
1923
1824
1960
1958
1956
1955
1923
1958
1956
1955
1923
1958
1956
1955
1833
1954
1945
1933
1960
1954
1945
1933
1960
1954
1945
1933
1960
1834
1948
1960
1956
1928
1950
1958
1956
1928
1950
1956
1920
1960
1825
1959
1958
1956
1919
1959
1958
1956
1919
1959
1958
1956
1919
1867
1957
1917
1960
1958
1957
1917
1960
1958
1957
1956
1921
1958
1861
1923
1960
1954
1955
1923
1960
1954
1955
1923
1960
1954
1955
1833
1943
1933
1958
1956
1920
1960
1916
1958
1945
1933
1960
1954
1828
1958
1960
1956
1918
1958
1960
1956
1918
1958
1960
1956
1918
1868
1956
1919
1959
1958
1956
1919
1959
1958
1956
1919
1959
1958
1824
1960
1958
1957
1917
1960
1958
1957
1956
1921
1958
1957
1956
1831
1954
1955
1923
1960
1954
1920
1960
1956
1918
1960
1956
1920
1960
1824
1960
1958
1956
1918
1960
1958
1956
1945
1933
1958
1956
1945
1843
1924
1950
1958
1960
1924
1950
1958
1960
1924
1950
1958
1960
1825
1959
1956
1919
1959
1958
1956
1919
1959
1958
1956
1920
1958
1863
1921
1958
1957
1956
1921
1958
1957
1956
1921
1958
1957
1956
1831
1958
1951
1923
1960
1958
1951
1923
1960
1958
1951
1923
1960
1864
1945
1933
1958
1956
1945
1933
1958
1956
1945
1933
1956
1945
1841
1960
1956
1918
1958
1960
1956
1918
1958
1960
1956
1918
1958
1827
1959
1958
1956
1919
1959
1958
1956
1919
1959
1958
1958
1918
1865
1956
1921
1960
1955
1956
1921
1960
1955
1956
1921
1960
1955
1827
1960
1958
1956
1918
1960
1958
1956
1918
1960
1958
1956
1918
1868
1956
1945
1933
1956
1920
1960
1958
1956
1918
1960
1958
1956
1828
1958
1926
1950
1958
1956
1928
1950
1958
1956
1928
1950
1958
1916
1868
1958
1919
1959
1958
1956
1919
1959
1958
1956
1919
1959
1958
1824
1960
1958
1957
1956
1921
1958
1957
1956
1921
1958
1957
1956
1831
1954
1955
1923
1960
1954
1955
1923
1960
1954
1955
1923
1960
1864
1920
1956
1945
1933
1960
1954
1945
1933
1960
1954
1945
1933
1868
1956
1918
1958
1960
1956
1918
1958
1960
1956
1918
1958
1960
1825
1959
1958
1917
1959
1958
1956
1919
1959
1958
1960
1915
1959
1865
1956
1921
1958
1957
1956
1921
1958
1957
1956
1921
1958
1957
1829
1953
1923
1958
1956
1955
1923
1958
1956
1955
1923
1960
1954
1828
1960
1958
1918
1956
1945
1933
1960
1954
1945
1933
1960
1954
1828
1958
1958
1928
1948
1958
1928
1950
1958
1956
1928
1950
1958
1825
1959
1958
1960
1916
1958
1960
1956
1919
1957
1960
1956
1919
1869
1951
1921
1960
1958
1953
1921
1960
1958
1953
1921
1960
1958
1916
1868
1958
1956
1955
1923
1958
1956
1955
1923
1958
1956
1955
1923
1864
1945
1935
1956
1920
1956
1945
1933
1960
1941
1933
1960
1956
1828
1958
1956
1928
1950
1958
1956
1928
1950
1958
1926
1950
1958
1866
1918
1958
1960
1956
1919
1957
1960
1956
1919
1957
1960
1956
1828
1958
1953
1921
1960
1958
1953
1923
1958
1957
1917
1960
1958
1861
1923
1958
1956
1955
1923
1960
1951
1923
1960
1958
1951
1923
1868
1956
1945
1933
1958
1956
1945
1933
1958
1956
1945
1933
1958
1834
1950
1958
1956
1928
1950
1958
1956
1928
1950
1958
1960
1924
1858
1958
1919
1959
1958
1956
1920
1958
1918
1958
1960
1956
1918
1865
1956
1921
1960
1955
1956
1921
1960
1955
1956
1921
1960
1957
1827
1958
1956
1955
1923
1958
1956
1955
1923
1958
1956
1955
1923
1870
1939
1933
1960
1958
1941
1933
1960
1958
1941
1933
1960
1958
1916
1866
1960
1956
1928
1948
1960
1956
1928
1950
1958
1956
1928
1950
1864
1920
1960
1956
1919
1957
1960
1956
1919
1957
1960
1956
1919
1867
1953
1921
1960
1958
1953
1921
1960
1958
1953
1923
1958
1957
1827
1958
1956
1955
1923
1960
1954
1955
1923
1960
1954
1955
1923
1868
1956
1918
1960
1958
1956
1918
1960
1958
1956
1918
1960
1958
1834
1950
1958
1956
1928
1950
1958
1956
1928
1950
1958
1956
1928
1858
1960
1915
1959
1958
1960
1956
1918
1958
1960
1956
1918
1960
1824
1960
1958
1953
1921
1960
1958
1953
1921
1960
1958
1953
1921
1868
1953
1923
1958
1956
1955
1923
1960
1954
1955
1923
1960
1954
1828
1960
1958
1956
1920
1943
1935
1956
1918
1960
1958
1956
1918
1868
1956
1928
1950
1958
1956
1928
1950
1958
1956
1928
1950
1958
1825
1959
1960
1956
1919
1957
1960
1956
1919
1957
1960
1956
1919
1913
1907
1921
1960
1958
1953
1921
1960
1958
1953
1921
1960
1958
1957
1827
1953
1925
1956
1955
1923
1953
1925
1956
1920
1956
1955
1925
1864
1918
1960
1958
1956
1918
1960
1958
1956
1945
1933
1958
1956
1828
1958
1956
1928
1950
1928
1948
1928
1950
1958
1956
1920
1960
1826
1958
1918
1958
1960
1956
1919
1959
1956
1920
1958
1956
1920
1865
1956
1923
1953
1921
1960
1958
1953
1921
1960
1958
1957
1919
1861
1923
1960
1958
1951
1923
1960
1958
1951
1923
1960
1956
1918
1868
1956
1945
1933
1958
1918
1960
1958
1941
1933
1960
1958
1956
1826
1958
1920
1958
1958
1918
1928
1950
1958
1956
1928
1950
1958
1918
1866
1960
1917
1959
1958
1956
1919
1959
1958
1956
1919
1959
1958
1824
1960
1958
1957
1956
1921
1958
1957
1956
1921
1958
1957
1956
1831
1954
1955
1923
1960
1954
1955
1923
1960
1954
1955
1923
1960
1864
1918
1960
1958
1956
1918
1960
1956
1945
1933
1958
1956
1945
1841
1960
1924
1950
1958
1960
1924
1950
1958
1960
1924
1950
1958
1866
1919
1957
1958
1920
1960
1916
1960
1956
1919
1959
1958
1956
1828
1958
1957
1917
1960
1958
1957
1917
1960
1958
1957
1917
1960
1861
1923
1960
1954
1955
1923
1960
1954
1955
1923
1960
1953
1923
1864
1945
1933
1960
1954
1945
1933
1960
1954
1945
1933
1960
1954
1828
1958
1960
1956
1918
1958
1960
1956
1918
1958
1960
1956
1918
1868
1956
1919
1959
1958
1956
1919
1959
1958
1956
1919
1959
1960
1824
1958
1957
1956
1923
1953
1921
1960
1958
1953
1921
1960
1958
1916
1868
1958
1956
1955
1923
1958
1956
1955
1923
1958
1956
1955
1923
1864
1945
1933
1960
1920
1954
1945
1935
1943
1933
1956
1945
1933
1866
1918
1958
1960
1956
1918
1958
1960
1956
1928
1948
1960
1956
1828
1960
1915
1959
1958
1960
1915
1959
1958
1960
1915
1959
1958
1863
1921
1958
1957
1956
1921
1958
1957
1956
1921
1960
1955
1956
1831
1956
1918
1960
1958
1956
1955
1923
1958
1956
1955
1923
1958
1851
1933
1960
1954
1945
1933
1960
1954
1945
1933
1960
1954
1945
1841
1960
1956
1918
1958
1960
1956
1918
1958
1960
1956
1928
1948
1866
1919
1959
1958
1956
1919
1959
1960
1915
1959
1958
1960
1916
1863
1921
1960
1958
1953
1921
1960
1958
1953
1921
1960
1958
1957
1827
1958
1956
1955
1923
1958
1956
1955
1925
1951
1923
1960
1958
1872
1912
1956
1945
1933
1958
1956
1920
1960
1954
1920
1960
1943
1933
1864
1928
1950
1958
1960
1924
1950
1958
1960
1924
1950
1958
1960
1825
1957
1960
1956
1919
1957
1960
1956
1919
1957
1960
1956
1919
1867
1953
1921
1960
1958
1953
1921
1960
1958
1957
1917
1960
1958
1861
1923
1958
1956
1955
1923
1958
1956
1955
1923
1956
1955
1923
1868
1956
1918
1960
1958
1956
1918
1960
1958
1956
1920
1918
1958
1830
1926
1950
1958
1956
1928
1950
1958
1956
1928
1950
1958
1956
1828
1958
1960
1915
1959
1958
1960
1915
1959
1958
1960
1956
1918
1865
1956
1921
1960
1955
1956
1921
1960
1955
1956
1921
1960
1955
1827
1960
1958
1956
1918
1960
1958
1956
1918
1960
1958
1956
1918
1868
1956
1945
1933
1958
1956
1945
1933
1960
1954
1945
1933
1960
1832
1950
1958
1960
1956
1918
1958
1960
1956
1918
1958
1960
1956
1874
1912
1956
1919
1959
1958
1956
1919
1959
1958
1956
1919
1959
1958
1824
1960
1958
1957
1917
1960
1957
1921
1958
1953
1921
1960
1958
1861
1923
1958
1956
1955
1923
1958
1956
1955
1923
1958
1956
1920
1868
1941
1933
1960
1958
1941
1933
1960
1958
1956
1918
1960
1958
1834
1950
1958
1956
1928
1950
1958
1956
1928
1950
1958
1956
1928
1858
1960
1915
1959
1960
1918
1958
1956
1919
1959
1958
1956
1919
1867
1957
1917
1960
1958
1957
1919
1958
1957
1956
1921
1958
1957
1827
1960
1958
1951
1923
1960
1958
1951
1923
1960
1958
1951
1923
1868
1956
1945
1933
1958
1956
1945
1933
1958
1956
1945
1933
1958
1834
1950
1958
1960
1924
1950
1960
1926
1948
1960
1956
1928
1948
1866
1919
1959
1958
1956
1919
1959
1958
1956
1919
1959
1958
1960
1824
1958
1957
1956
1923
1953
1921
1960
1958
1953
1921
1960
1958
1872
1912
1958
1956
1955
1923
1958
1956
1955
1923
1958
1956
1955
1923
1864
1945
1933
1960
1954
1945
1933
1960
1958
1941
1933
1960
1958
1824
1958
1960
1926
1950
1958
1926
1950
1928
1948
1958
1928
1950
1868
1915
1959
1958
1960
1915
1959
1958
1960
1956
1918
1958
1960
1824
1960
1953
1921
1960
1958
1953
1921
1960
1955
1921
1958
1955
1831
1958
1951
1923
1960
1958
1951
1923
1960
1958
1956
1918
1960
1864
1945
1933
1958
1956
1945
1933
1958
1956
1945
1933
1958
1956
1828
1960
1956
1918
1958
1960
1956
1918
1958
1960
1956
1918
1958
1866
1919
1959
1958
1956
1919
1959
1958
1956
1919
1959
1958
1956
1828
1958
1957
1956
1921
1958
1957
1956
1920
1919
1960
1958
1953
1831
1958
1953
1925
1954
1955
1923
1960
1956
1920
1958
1956
1955
1833
1954
1945
1933
1960
1954
1920
1960
1956
1918
1960
1958
1956
1920
1170
1170
1166
1168
1166
1166
1168
1166
1166
1168
1166
1166
1168
1166
1166
1168
1166
1166
1168
1166
1166
1168
1166
1166
1168
1166
1166
1168
1166
1166
1168
1166
1166
1168
1166
1166
1168
1166
1166
1168
1166
1166
1168
1166
1166
1168
1166
1166
1168
1166
1166
1168
1166
1166
1168
1166
1166
1168
1166
1166
1168
1166
1166
1168
1166
1166
1168
1166
1166
1168
1166
1166
1168
1166
1166
1168
1166
1166
1168
1166
1166
1168
1166
1166
1168
1166
1166
1168
1166
1166
1168
1166
1166
1168
1166
1166
1168
1166
1166
1168
1166
1166
1168
1166
1166
1168
1166
1166
1168
1166
1166
1168
1166
1166
1168
1166
1166
1168
1166
1166
1168
1166
1166
1168
1166
1166
1168
1166
1166
1168
1166
1166
1168
1166
1166
1168
1166
1166
1168
1166
1166
1168
1166
1166
1168
1166
1166
1168
1166
1166
1168
1166
1166
1168
1166
1166
1168
1166
1166
1168
1166
1166
1168
1166
1166
1168
1166
1166
1168
1166
1166
1168
1166
1166
1168
1166
1166
1168
1166
1166
1168
1166
1166
1168
1166
1166
1168
1166
1166
1168
1166
1166
1168
1166
1166
1168
1166
1166
1168
1166
1166
1168
1166
1166
1168
1166
1166
1168
1166
1166
1168
1166
1166
1168
1166
1166
1168
1166
1166
1168
1166
1166
1168
1166
1166
1168
1166
1166
1168
1166
1166
1168
1166
1166
1168
1166
1166
1168
1166
1166
1168
1166
1166
1168
1166
1166
1168
1166
1166
1168
1166
1166
1168
1166
1166
1168
1166
1166
1168
1166
1166
1168
1166
1166
1168
1166
1166
1168
1166
1166
1168
1166
1166
1168
1166
1166
1168
1166
1166
1168
1166
1166
1168
1166
1166
1168
1166
1166
1168
1166
1166
1168
1166
1166
1168
1166
1166
1168
1166
1166
1168
1166
1166
1168
1190
1572
1572
1548
1572
1565
1553
1574
1544
1572
1572
1548
1572
1565
1553
1574
1544
1572
1572
1548
1572
1565
1553
1574
1544
1572
1572
1548
1572
1565
1553
1574
1544
1572
1572
1548
1572
1565
1553
1574
1544
1572
1572
1548
1572
1565
1553
1574
1544
1572
1858
1950
1928
1950
1928
1916
1960
1950
1928
1916
1960
1950
1928
1841
1943
1958
1956
1935
1943
1958
1956
1935
1943
1958
1956
1935
1851
1960
1920
1954
1958
1960
1920
1954
1958
1960
1920
1954
1958
1864
1920
1958
1959
1955
1920
1960
1957
1955
1920
1960
1957
1955
1830
1958
1956
1918
1960
1956
1956
1922
1958
1956
1956
1922
1958
1858
1926
1960
1954
1920
1960
1956
1918
1960
1958
1956
1952
1926
1864
1935
1943
1958
1956
1935
1943
1958
1956
1935
1943
1958
1956
1828
1958
1960
1956
1918
1958
1960
1922
1952
1960
1956
1924
1954
1862
1920
1960
1958
1954
1920
1960
1958
1959
1915
1960
1958
1959
1825
1958
1956
1956
1922
1958
1956
1956
1922
1958
1956
1956
1922
1914
1902
1926
1960
1958
1948
1926
1960
1958
1948
1926
1960
1958
1956
1826
1960
1956
1935
1943
1958
1956
1935
1943
1958
1956
1935
1943
1866
1918
1958
1960
1956
1918
1958
1960
1956
1918
1958
1960
1956
1828
1957
1955
1920
1960
1957
1917
1960
1958
1959
1915
1960
1958
1862
1922
1958
1956
1956
1922
1958
1954
1924
1958
1952
1922
1960
1864
1952
1926
1958
1956
1952
1926
1958
1956
1952
1926
1958
1956
1828
1958
1956
1935
1943
1958
1960
1931
1943
