1339
1332
1335
1333
1332
1335
1333
1332
1335
1333
1332
1335
1333
1332
1335
1333
1332
1335
1333
1332
1335
1333
1332
1335
1333
1332
1335
1333
1332
1335
1333
1332
1335
1333
1332
1335
1333
1332
1335
1333
1332
1335
1333
1332
1335
1333
1332
1335
1333
1332
1335
1333
1332
1335
1333
1332
1335
1333
1332
1335
1333
1332
1335
1333
1332
1335
1333
1332
1335
1333
1332
1335
1333
1332
1335
1333
1332
1335
1333
1332
1335
1333
1332
1335
1333
1332
1335
1333
1332
1335
1333
1332
1335
1333
1332
1335
1333
1332
1335
1333
1332
1335
1333
1332
1335
1333
1332
1335
1333
1332
1335
1333
1332
1335
1333
1332
1335
1333
1332
1335
1333
1332
1335
1333
1332
1335
1333
1332
1335
1333
1332
1335
1333
1332
1335
1333
1332
1335
1333
1332
1335
1333
1332
1335
1333
1332
1335
1333
1332
1335
1333
1332
1335
1333
1332
1335
1333
1332
1335
1333
1332
1335
1333
1332
1335
1333
1332
1335
1333
1332
1335
1333
1332
1335
1333
1332
1335
1333
1332
1335
1333
1332
1335
1333
1332
1335
1333
1332
1335
1333
1332
1335
1333
1332
1335
1333
1332
1335
1333
1332
1335
1333
1332
1335
1333
1332
1335
1333
1332
1335
1333
1332
1335
1333
1332
1335
1333
1332
1335
1333
1332
1335
1333
1332
1335
1333
1332
1335
1333
1332
1335
1333
1332
1335
1333
1332
1335
1333
1332
1335
1333
1332
1335
1333
1332
1335
1333
1332
1335
1333
1332
1335
1333
1332
1335
1333
1332
1335
1333
1332
1335
1333
1332
1335
1333
1332
1335
1333
1332
1335
1333
1332
1335
1333
1332
1335
1333
1332
1335
1333
1332
1335
1333
1332
1335
1333
1332
1335
1333
1332
1335
1333
1332
1335
1333
1332
1335
1333
1332
1335
1333
1332
1335
1507
1812
1806
1778
1810
1808
1778
1811
1772
1812
1806
1778
1810
1808
1778
1811
1772
1812
1806
1778
1810
1808
1778
1811
1772
1812
1806
1778
1810
1808
1778
1811
1772
1812
1806
1778
1810
1808
1778
1811
1772
1812
1806
1778
1810
1808
1778
1811
1772
1871
2233
2276
2235
2229
2233
2276
2235
2228
2234
2276
2235
2275
2234
2108
2281
2277
2274
2277
2233
2277
2274
2277
2233
2277
2274
2277
2118
2271
2265
2244
2281
2271
2265
2244
2281
2271
2265
2244
2281
2122
2264
2280
2274
2243
2266
2278
2274
2243
2266
2275
2233
2280
2109
2279
2278
2274
2230
2279
2278
2274
2230
2279
2278
2274
2230
2162
2276
2226
2281
2278
2276
2226
2281
2278
2276
2276
2231
2278
2155
2232
2281
2271
2277
2232
2281
2271
2277
2232
2281
2271
2277
2118
2262
2244
2278
2274
2232
2281
2226
2278
2265
2244
2281
2271
2114
2278
2280
2274
2229
2278
2280
2274
2229
2278
2280
2274
2229
2163
2274
2230
2279
2278
2274
2230
2279
2278
2274
2230
2279
2278
2107
2281
2278
2276
2226
2281
2278
2276
2276
2231
2278
2276
2276
2115
2272
2277
2232
2281
2271
2232
2281
2274
2229
2281
2274
2232
2281
2108
2281
2277
2274
2229
2281
2277
2274
2265
2245
2277
2274
2265
2130
2237
2266
2278
2280
2237
2266
2278
2280
2237
2266
2278
2280
2109
2280
2274
2230
2279
2278
2274
2230
2279
2278
2274
2232
2278
2157
2230
2279
2276
2276
2230
2279
2276
2276
2230
2279
2276
2276
2116
2277
2271
2232
2281
2277
2271
2232
2281
2277
2271
2232
2281
2156
2265
2245
2277
2274
2265
2244
2278
2274
2265
2244
2275
2265
2127
2280
2274
2229
2278
2280
2274
2229
2278
2280
2274
2229
2278
2112
2279
2278
2274
2230
2279
2278
2274
2230
2279
2278
2277
2229
2159
2276
2230
2281
2274
2276
2230
2281
2274
2276
2230
2281
2274
2111
2281
2277
2274
2229
2281
2277
2274
2229
2281
2277
2274
2229
2163
2274
2265
2244
2275
2232
2281
2277
2274
2229
2281
2277
2274
2113
2279
2240
2266
2278
2274
2243
2266
2278
2274
2243
2266
2278
2222
2167
2277
2230
2279
2278
2274
2230
2279
2278
2274
2230
2279
2278
2107
2281
2278
2276
2276
2231
2278
2276
2276
2231
2278
2276
2276
2116
2271
2277
2232
2281
2271
2277
2232
2281
2271
2277
2232
2281
2156
2233
2274
2265
2244
2281
2271
2265
2244
2281
2271
2265
2244
2163
2274
2229
2278
2280
2274
2229
2278
2280
2274
2229
2278
2280
2109
2279
2278
2227
2279
2278
2274
2230
2279
2278
2280
2224
2279
2159
2276
2230
2279
2276
2276
2230
2279
2276
2276
2230
2279
2276
2115
2274
2232
2278
2274
2277
2232
2278
2274
2277
2232
2281
2271
2114
2281
2277
2229
2275
2265
2244
2281
2271
2265
2244
2281
2271
2114
2278
2277
2243
2264
2277
2243
2266
2278
2274
2243
2266
2278
2109
2279
2278
2280
2226
2278
2280
2274
2230
2277
2280
2274
2230
2163
2271
2230
2281
2278
2272
2230
2281
2278
2272
2230
2281
2278
2222
2166
2277
2274
2277
2233
2277
2274
2277
2232
2278
2274
2277
2232
2157
2265
2248
2274
2232
2275
2265
2244
2281
2259
2244
2281
2274
2114
2278
2274
2243
2266
2278
2274
2243
2266
2278
2240
2266
2278
2159
2229
2278
2280
2274
2230
2277
2280
2274
2230
2277
2280
2274
2114
2278
2272
2230
2281
2278
2272
2234
2278
2276
2226
2281
2278
2155
2232
2278
2274
2277
2232
2281
2271
2232
2281
2277
2271
2232
2163
2274
2265
2245
2277
2274
2265
2245
2277
2274
2265
2245
2277
2122
2266
2278
2274
2243
2266
2278
2274
2243
2266
2278
2280
2237
2149
2277
2230
2279
2278
2274
2232
2278
2229
2278
2280
2274
2229
2159
2276
2230
2281
2274
2276
2230
2281
2274
2276
2230
2282
2276
2112
2277
2274
2277
2232
2278
2274
2277
2232
2278
2274
2277
2232
2164
2258
2244
2281
2277
2259
2244
2281
2277
2259
2244
2281
2277
2223
2163
2280
2274
2243
2264
2280
2274
2243
2266
2278
2274
2243
2266
2157
2232
2281
2274
2230
2277
2280
2274
2230
2277
2280
2274
2230
2162
2272
2230
2281
2278
2272
2230
2281
2278
2272
2234
2278
2276
2111
2278
2274
2277
2232
2281
2271
2277
2232
2281
2271
2277
2232
2163
2274
2229
2281
2277
2274
2229
2281
2277
2274
2229
2281
2277
2122
2266
2278
2274
2243
2266
2278
2274
2243
2266
2278
2274
2243
2149
2280
2224
2279
2278
2280
2274
2229
2278
2280
2274
2229
2281
2107
2281
2278
2272
2230
2281
2278
2272
2230
2281
2278
2272
2230
2163
2274
2232
2278
2274
2277
2232
2281
2271
2277
2232
2281
2271
2114
2281
2277
2274
2233
2262
2248
2274
2229
2281
2277
2274
2229
2163
2274
2243
2266
2278
2274
2243
2266
2278
2274
2243
2266
2278
2109
2280
2280
2274
2230
2277
2280
2274
2230
2277
2280
2274
2230
2217
2217
2230
2281
2278
2272
2230
2281
2278
2272
2230
2281
2278
2276
2112
2274
2236
2274
2277
2233
2274
2236
2274
2233
2274
2277
2236
2156
2229
2281
2277
2274
2229
2281
2277
2274
2265
2245
2277
2274
2114
2278
2274
2243
2266
2244
2264
2243
2266
2278
2274
2232
2281
2112
2277
2229
2278
2280
2274
2230
2280
2274
2232
2278
2274
2232
2159
2276
2234
2273
2230
2281
2278
2272
2230
2281
2278
2276
2230
2156
2232
2281
2277
2271
2232
2281
2277
2271
2232
2281
2274
2229
2163
2274
2265
2244
2278
2229
2281
2277
2259
2244
2281
2277
2274
2112
2277
2232
2278
2277
2230
2243
2266
2278
2274
2243
2266
2278
2226
2163
2280
2227
2279
2278
2274
2230
2279
2278
2274
2230
2279
2278
2107
2281
2278
2276
2276
2231
2278
2276
2276
2231
2278
2276
2276
2116
2271
2277
2232
2281
2271
2277
2232
2281
2271
2277
2232
2281
2156
2229
2281
2277
2274
2229
2281
2274
2265
2244
2278
2274
2265
2127
2280
2237
2266
2278
2280
2237
2266
2278
2280
2237
2266
2278
2159
2230
2277
2277
2232
2281
2226
2281
2274
2230
2279
2278
2274
2114
2278
2276
2226
2281
2278
2276
2226
2281
2278
2276
2226
2282
2155
2232
2281
2271
2277
2232
2281
2271
2277
2232
2281
2274
2233
2156
2265
2244
2281
2271
2265
2244
2281
2271
2265
2244
2281
2271
2114
2278
2280
2274
2229
2278
2280
2274
2229
2278
2280
2274
2229
2163
2274
2230
2279
2278
2274
2230
2279
2278
2274
2230
2280
2280
2107
2279
2276
2276
2234
2273
2230
2281
2278
2272
2230
2281
2278
2222
2166
2277
2274
2277
2233
2277
2274
2277
2232
2278
2274
2277
2232
2157
2265
2244
2281
2233
2271
2265
2248
2262
2245
2274
2265
2244
2160
2229
2278
2280
2274
2229
2278
2280
2274
2243
2264
2280
2274
2115
2280
2224
2279
2278
2280
2224
2279
2278
2280
2224
2279
2278
2157
2230
2279
2276
2276
2230
2279
2276
2276
2230
2281
2274
2276
2116
2274
2229
2281
2277
2274
2277
2233
2277
2274
2277
2233
2277
2144
2244
2281
2271
2265
2244
2281
2271
2265
2244
2281
2271
2265
2127
2280
2274
2229
2278
2280
2274
2229
2278
2280
2274
2243
2264
2159
2230
2279
2278
2274
2230
2280
2280
2224
2279
2278
2280
2227
2157
2230
2281
2278
2272
2230
2281
2278
2272
2230
2281
2278
2276
2112
2277
2274
2277
2232
2278
2274
2277
2236
2271
2232
2281
2277
2166
2223
2274
2265
2244
2278
2274
2232
2281
2271
2232
2281
2262
2244
2157
2243
2266
2278
2280
2237
2266
2278
2280
2237
2266
2278
2280
2109
2277
2280
2274
2230
2277
2280
2274
2230
2277
2280
2274
2230
2162
2272
2230
2281
2278
2272
2230
2281
2278
2276
2226
2281
2278
2155
2232
2278
2274
2277
2232
2278
2274
2277
2232
2275
2277
2232
2163
2274
2229
2281
2277
2274
2229
2281
2277
2274
2232
2231
2277
2118
2240
2266
2278
2274
2243
2266
2278
2274
2243
2266
2278
2274
2114
2278
2280
2224
2279
2278
2280
2224
2279
2278
2280
2274
2229
2159
2276
2230
2281
2274
2276
2230
2281
2274
2276
2230
2281
2274
2111
2281
2277
2274
2229
2281
2277
2274
2229
2281
2277
2274
2229
2163
2274
2265
2244
2278
2274
2265
2244
2281
2271
2265
2244
2281
2119
2266
2278
2280
2274
2229
2278
2280
2274
2229
2278
2280
2274
2169
2223
2274
2230
2279
2278
2274
2230
2279
2278
2274
2230
2279
2278
2107
2281
2278
2276
2226
2281
2277
2233
2278
2272
2230
2281
2278
2155
2233
2277
2274
2277
2233
2277
2274
2277
2233
2277
2274
2232
2163
2259
2244
2281
2277
2259
2244
2281
2277
2274
2229
2281
2277
2122
2266
2278
2274
2243
2266
2278
2274
2243
2266
2278
2274
2243
2149
2280
2224
2279
2281
2229
2278
2274
2230
2279
2278
2274
2230
2162
2276
2226
2281
2278
2276
2229
2279
2276
2276
2230
2279
2276
2111
2281
2277
2271
2232
2281
2277
2271
2232
2281
2277
2271
2232
2163
2274
2265
2245
2277
2274
2265
2244
2278
2274
2265
2244
2278
2122
2266
2278
2280
2237
2266
2281
2240
2264
2280
2274
2243
2264
2159
2230
2279
2278
2274
2230
2279
2278
2274
2230
2279
2278
2280
2108
2278
2276
2276
2234
2273
2230
2281
2278
2272
2230
2281
2278
2164
2224
2277
2274
2277
2233
2277
2274
2277
2233
2277
2274
2277
2232
2157
2265
2244
2281
2271
2265
2244
2281
2277
2259
2244
2281
2277
2108
2278
2280
2240
2266
2278
2240
2267
2243
2264
2277
2243
2266
2163
2224
2279
2278
2280
2224
2279
2278
2280
2274
2229
2278
2280
2107
2281
2273
2230
2281
2278
2272
2230
2281
2276
2231
2278
2275
2116
2277
2271
2232
2281
2277
2271
2232
2281
2277
2274
2229
2281
2156
2265
2244
2278
2274
2265
2244
2278
2274
2265
2244
2278
2274
2114
2281
2274
2229
2278
2280
2274
2229
2278
2280
2274
2229
2278
2159
2230
2279
2278
2274
2230
2279
2278
2274
2230
2279
2278
2274
2114
2278
2276
2276
2231
2278
2276
2276
2231
2229
2281
2278
2272
2116
2277
2274
2236
2271
2277
2232
2281
2274
2233
2277
2274
2277
2117
2272
2265
2244
2281
2271
2232
2281
2274
2229
2281
2277
2274
2230
1317
1334
1332
1335
1333
1332
1335
1333
1332
1335
1333
1332
1335
1333
1332
1335
1333
1332
1335
1333
1332
1335
1333
1332
1335
1333
1332
1335
1333
1332
1335
1333
1332
1335
1333
1332
1335
1333
1332
1335
1333
1332
1335
1333
1332
1335
1333
1332
1335
1333
1332
1335
1333
1332
1335
1333
1332
1335
1333
1332
1335
1333
1332
1335
1333
1332
1335
1333
1332
1335
1333
1332
1335
1333
1332
1335
1333
1332
1335
1333
1332
1335
1333
1332
1335
1333
1332
1335
1333
1332
1335
1333
1332
1335
1333
1332
1335
1333
1332
1335
1333
1332
1335
1333
1332
1335
1333
1332
1335
1333
1332
1335
1333
1332
1335
1333
1332
1335
1333
1332
1335
1333
1332
1335
1333
1332
1335
1333
1332
1335
1333
1332
1335
1333
1332
1335
1333
1332
1335
1333
1332
1335
1333
1332
1335
1333
1332
1335
1333
1332
1335
1333
1332
1335
1333
1332
1335
1333
1332
1335
1333
1332
1335
1333
1332
1335
1333
1332
1335
1333
1332
1335
1333
1332
1335
1333
1332
1335
1333
1332
1335
1333
1332
1335
1333
1332
1335
1333
1332
1335
1333
1332
1335
1333
1332
1335
1333
1332
1335
1333
1332
1335
1333
1332
1335
1333
1332
1335
1333
1332
1335
1333
1332
1335
1333
1332
1335
1333
1332
1335
1333
1332
1335
1333
1332
1335
1333
1332
1335
1333
1332
1335
1333
1332
1335
1333
1332
1335
1333
1332
1335
1333
1332
1335
1333
1332
1335
1333
1332
1335
1333
1332
1335
1333
1332
1335
1333
1332
1335
1333
1332
1335
1333
1332
1335
1333
1332
1335
1333
1332
1335
1333
1332
1335
1333
1332
1335
1333
1332
1335
1333
1332
1335
1333
1332
1335
1333
1332
1335
1333
1332
1335
1333
1332
1335
1333
1332
1335
1333
1332
1335
1333
1332
1335
1360
1809
1809
1777
1811
1802
1782
1813
1772
1809
1809
1777
1811
1802
1782
1813
1772
1809
1809
1777
1811
1802
1782
1813
1772
1809
1809
1777
1811
1802
1782
1813
1772
1809
1809
1777
1811
1802
1782
1813
1772
1809
1809
1777
1811
1802
1782
1813
1772
1809
2158
2270
2240
2270
2240
2226
2281
2270
2240
2226
2281
2270
2240
2132
2256
2278
2274
2253
2256
2278
2274
2253
2256
2278
2274
2253
2139
2280
2231
2272
2278
2280
2231
2272
2278
2280
2231
2272
2278
2158
2229
2279
2280
2273
2229
2281
2278
2273
2229
2281
2278
2273
2115
2277
2274
2229
2281
2274
2278
2232
2277
2274
2278
2232
2277
2152
2236
2281
2271
2232
2281
2274
2229
2281
2277
2274
2273
2237
2156
2253
2256
2278
2274
2253
2256
2278
2274
2253
2256
2278
2274
2114
2278
2280
2274
2229
2278
2280
2234
2270
2280
2274
2237
2272
2156
2229
2281
2278
2273
2229
2281
2278
2280
2222
2281
2278
2280
2107
2278
2274
2278
2231
2278
2274
2278
2231
2278
2274
2278
2231
2219
2211
2236
2281
2277
2267
2236
2281
2277
2267
2236
2281
2277
2274
2112
2280
2274
2253
2256
2278
2274
2253
2256
2278
2274
2253
2257
2159
2229
2278
2280
2274
2229
2278
2280
2274
2229
2278
2280
2274
2114
2278
2273
2229
2281
2278
2225
2281
2278
2280
2222
2281
2278
2156
2231
2278
2274
2278
2231
2278
2275
2235
2277
2272
2231
2281
2156
2273
2237
2277
2274
2273
2237
2277
2274
2273
2236
2278
2274
2114
2278
2274
2253
2256
2278
2280
2247
2256
