502
501
499
500
501
499
500
501
499
500
501
499
500
501
499
500
501
499
500
501
499
500
501
499
500
501
499
500
501
499
500
501
499
500
501
499
500
501
499
500
501
499
500
501
499
500
501
499
500
501
499
500
501
499
500
501
499
500
501
499
500
501
499
500
501
499
500
501
499
500
501
499
500
501
499
500
501
499
500
501
499
500
501
499
500
501
499
500
501
499
500
501
499
500
501
499
500
501
499
500
501
499
500
501
499
500
501
499
500
501
499
500
501
499
500
501
499
500
501
499
500
501
499
500
501
499
500
501
499
500
501
499
500
501
499
500
501
499
500
501
499
500
501
499
500
501
499
500
501
499
500
501
499
500
501
499
500
501
499
500
501
499
500
501
499
500
501
499
500
501
499
500
501
499
500
501
499
500
501
499
500
501
499
500
501
499
500
501
499
500
501
499
500
501
499
500
501
499
500
501
499
500
501
499
500
501
499
500
501
499
500
501
499
500
501
499
500
501
499
500
501
499
500
501
499
500
501
499
500
501
499
500
501
499
500
501
499
500
501
499
500
501
499
500
501
499
500
501
499
500
501
499
500
501
499
500
501
499
500
501
499
500
501
499
500
501
499
500
501
499
500
501
499
500
501
499
500
501
499
500
501
499
500
501
499
500
501
499
500
501
499
500
501
499
500
501
499
500
501
499
500
501
499
529
560
569
557
562
569
557
565
561
560
569
557
562
569
557
565
561
560
569
557
562
569
557
565
561
560
569
557
562
569
557
565
561
560
569
557
562
569
557
565
561
560
569
557
562
569
557
565
561
580
630
643
631
635
630
643
631
633
632
643
631
642
630
619
641
640
641
642
630
640
641
642
630
640
641
642
617
639
643
628
643
639
643
628
643
639
643
628
641
626
635
639
640
639
631
643
640
639
631
643
634
639
621
636
643
640
634
636
643
640
634
636
643
640
634
624
642
631
639
641
642
631
639
641
642
640
630
641
629
629
641
641
642
629
641
641
642
629
641
641
642
615
644
628
641
641
631
641
632
642
643
628
643
639
616
644
639
640
630
644
639
640
630
644
639
640
630
630
640
634
636
643
640
634
636
643
640
634
636
642
619
639
641
642
631
639
641
642
640
630
641
642
640
612
646
642
629
641
641
631
641
641
631
641
641
631
641
617
643
638
641
631
643
638
641
643
631
638
641
643
616
639
631
644
639
639
631
644
639
639
631
644
639
621
639
640
634
636
643
640
634
636
642
641
630
642
628
628
643
642
640
631
640
642
640
631
640
642
640
617
640
643
629
641
640
643
629
641
640
643
629
641
626
643
631
638
641
643
626
643
641
643
628
642
643
617
639
640
630
644
639
640
630
644
639
640
630
644
620
636
642
641
634
636
642
641
634
636
642
641
630
630
640
631
639
643
640
631
639
643
640
631
639
643
616
641
640
641
631
641
640
641
631
641
640
641
631
626
641
643
628
642
631
643
638
641
631
643
638
641
615
644
639
631
644
639
639
631
644
639
639
631
644
630
628
641
634
636
643
640
634
636
642
641
634
636
642
619
639
641
642
640
630
641
642
640
630
641
642
640
617
641
642
629
641
641
642
629
641
641
642
629
641
626
634
639
643
628
643
639
643
628
643
639
643
628
628
640
630
644
639
640
630
644
639
640
630
644
639
621
636
643
634
636
642
641
634
636
642
641
634
636
630
640
628
643
642
640
631
640
642
640
631
640
642
617
643
629
641
641
642
629
641
641
642
629
641
641
616
643
638
630
644
643
628
643
639
643
628
643
639
616
644
639
639
635
639
639
631
643
640
639
631
644
620
636
642
641
628
644
641
640
634
638
641
640
634
623
643
631
639
641
642
631
639
641
642
631
639
641
631
628
640
641
642
630
640
641
642
626
644
641
642
629
627
643
629
641
631
642
643
628
643
642
628
641
641
616
643
640
639
631
643
640
639
631
644
638
631
644
626
628
644
641
640
634
638
641
640
634
638
641
640
617
641
642
631
639
641
642
630
641
642
631
639
641
629
629
641
641
642
629
641
643
629
641
640
643
629
626
641
643
631
638
641
643
631
638
641
643
631
638
626
631
644
639
639
631
644
639
639
631
644
639
639
620
641
634
636
643
640
630
642
631
642
641
640
630
630
640
631
639
643
640
631
639
643
640
631
640
642
617
640
641
642
626
644
641
642
629
641
641
642
629
626
644
628
643
638
644
628
643
638
644
628
643
638
632
629
639
640
639
635
639
640
639
631
643
640
639
631
630
630
643
640
634
638
641
640
634
638
641
640
634
624
642
631
639
641
642
631
639
641
642
630
641
642
616
641
641
642
629
641
641
642
629
641
641
642
629
626
641
631
643
638
641
631
643
638
641
631
643
638
626
631
643
640
639
631
643
640
639
631
644
639
639
620
641
634
636
642
641
640
630
642
641
640
630
643
618
639
641
642
631
639
641
642
631
639
641
642
631
626
643
629
641
641
642
629
641
641
642
629
641
641
616
643
638
641
634
642
629
641
631
643
638
641
631
628
640
639
631
643
640
639
631
644
639
639
631
644
620
638
641
640
634
638
641
640
634
638
641
640
634
627
639
631
639
641
642
631
639
641
642
631
639
641
642
617
643
630
641
642
631
642
630
641
632
641
642
630
626
631
643
638
641
631
643
638
641
643
631
638
641
616
644
639
639
631
642
634
639
631
644
639
630
643
619
641
628
644
641
640
634
639
640
630
642
641
630
630
640
630
643
631
639
641
642
631
639
641
642
630
630
629
641
640
643
629
641
640
643
629
641
641
631
626
641
643
628
641
632
643
638
644
628
643
638
641
620
639
630
644
639
633
639
631
644
639
639
631
644
629
629
641
634
636
643
640
634
636
642
641
634
636
642
619
639
641
642
640
630
641
642
640
630
641
642
640
617
641
642
629
641
641
642
629
641
641
642
629
641
626
631
643
638
641
631
643
639
643
628
641
641
643
617
639
639
631
644
639
639
631
644
639
639
631
644
626
634
638
641
630
643
628
645
640
634
636
643
640
617
641
642
631
639
641
642
631
639
641
642
631
640
629
629
641
641
642
629
641
641
642
629
641
643
630
626
643
628
643
639
643
628
643
639
643
628
643
639
616
644
639
640
630
644
639
640
630
644
639
640
630
630
640
634
636
643
640
634
636
642
641
634
638
641
615
643
642
640
632
641
631
639
641
642
631
639
641
631
628
640
641
642
630
640
641
642
626
644
641
642
629
627
643
628
643
633
639
643
629
644
629
641
643
628
628
630
644
639
640
630
644
639
640
639
635
639
640
619
641
634
636
642
641
634
636
642
641
634
636
642
628
631
640
642
640
631
640
642
640
631
639
643
640
617
641
631
641
640
641
642
630
640
641
642
630
640
629
628
643
639
643
628
643
639
643
628
643
639
643
617
639
640
630
644
639
640
630
644
639
640
639
635
626
634
636
642
641
634
638
641
634
636
642
641
632
628
631
639
641
642
631
639
641
642
631
639
641
642
617
640
641
642
626
644
641
642
630
643
629
641
640
621
637
641
643
628
641
641
631
643
639
631
641
644
628
628
639
631
644
639
639
631
644
639
639
631
644
639
621
638
641
640
634
638
641
640
634
638
641
640
634
624
642
631
639
641
642
631
639
641
642
631
639
641
629
626
644
641
642
629
641
641
642
629
642
642
629
626
641
631
643
638
641
631
643
638
641
629
639
638
619
639
631
643
640
639
631
643
640
639
631
643
640
617
642
641
634
636
642
641
634
636
642
641
640
630
630
640
631
639
643
640
631
639
643
640
631
639
643
616
641
640
641
631
641
640
641
631
641
640
641
631
626
641
643
628
641
641
643
628
643
639
643
628
643
624
631
644
639
640
630
644
639
640
630
644
639
640
620
640
640
634
636
643
640
634
636
643
640
634
636
642
619
639
641
642
631
639
643
630
641
642
631
639
641
629
630
640
641
642
630
640
641
642
630
640
641
631
626
644
628
643
638
644
628
643
638
641
631
643
638
626
631
643
640
639
631
643
640
639
631
643
640
639
620
641
634
636
643
630
643
640
634
636
642
641
634
624
642
631
639
641
642
631
640
642
640
631
640
642
616
641
640
643
629
641
640
643
629
641
640
643
629
626
641
643
631
638
641
643
626
643
641
643
628
641
626
631
644
639
639
631
643
639
635
639
640
639
635
626
634
636
642
641
634
636
642
641
634
636
642
641
617
641
642
640
630
643
631
639
641
642
631
639
641
622
637
640
641
642
630
640
641
642
630
640
641
642
625
631
643
628
643
639
643
628
643
638
644
628
643
638
617
644
639
639
631
643
639
634
639
635
639
639
631
630
634
636
642
641
634
636
642
641
640
630
642
641
618
639
643
631
639
641
642
631
641
641
630
641
642
617
640
643
629
641
640
643
629
641
640
641
631
641
626
643
626
643
641
643
628
641
641
643
628
641
641
616
643
640
630
644
639
640
630
644
639
640
630
644
626
634
636
643
640
634
636
642
641
634
636
642
641
617
641
642
640
630
641
642
640
633
631
639
641
642
617
640
643
630
641
642
629
641
641
632
640
641
642
612
644
643
628
643
639
631
641
641
631
643
638
641
630
500
495
502
499
499
502
499
499
502
499
499
502
499
499
502
499
499
502
499
499
502
499
499
502
499
499
502
499
499
502
499
499
502
499
499
502
499
499
502
499
499
502
499
499
502
499
499
502
499
499
502
499
499
502
499
499
502
499
499
502
499
499
502
499
499
502
499
499
502
499
499
502
499
499
502
499
499
502
499
499
502
499
499
502
499
499
502
499
499
502
499
499
502
499
499
502
499
499
502
499
499
502
499
499
502
499
499
502
499
499
502
499
499
502
499
499
502
499
499
502
499
499
502
499
499
502
499
499
502
499
499
502
499
499
502
499
499
502
499
499
502
499
499
502
499
499
502
499
499
502
499
499
502
499
499
502
499
499
502
499
499
502
499
499
502
499
499
502
499
499
502
499
499
502
499
499
502
499
499
502
499
499
502
499
499
502
499
499
502
499
499
502
499
499
502
499
499
502
499
499
502
499
499
502
499
499
502
499
499
502
499
499
502
499
499
502
499
499
502
499
499
502
499
499
502
499
499
502
499
499
502
499
499
502
499
499
502
499
499
502
499
499
502
499
499
502
499
499
502
499
499
502
499
499
502
499
499
502
499
499
502
499
499
502
499
499
502
499
499
502
499
499
502
499
499
502
499
499
502
499
499
502
499
499
502
499
499
502
499
499
502
499
499
502
499
499
502
499
499
502
499
499
502
499
507
562
567
559
563
569
555
566
559
562
567
559
563
569
555
566
559
562
567
559
563
569
555
566
559
562
567
559
563
569
555
566
559
562
567
559
563
569
555
566
559
562
567
559
563
569
555
566
559
562
628
644
630
643
630
631
641
644
630
631
641
644
630
627
628
643
640
642
629
642
640
642
629
642
640
642
618
640
636
634
643
640
636
634
643
640
636
634
643
627
632
639
642
640
632
638
643
640
632
638
643
640
617
641
641
631
641
641
641
630
641
641
641
630
641
629
628
642
640
631
641
641
631
642
639
641
643
630
625
642
629
644
638
642
629
644
638
642
629
644
638
617
643
640
640
630
643
640
636
637
640
640
636
634
630
632
638
641
642
632
638
641
642
632
638
641
642
614
644
641
641
630
641
641
641
630
641
641
641
630
631
639
628
642
639
644
628
642
639
644
628
642
639
641
620
638
640
642
628
643
640
642
629
642
640
642
633
625
630
643
640
640
630
643
640
640
630
643
640
640
617
643
640
632
638
643
632
638
641
642
632
638
641
629
627
644
641
641
630
641
642
630
641
642
630
640
627
643
630
639
641
643
630
639
641
643
625
644
641
616
644
638
642
629
644
638
642
629
