583
582
585
583
582
585
583
582
585
583
582
585
583
582
585
583
582
585
583
582
585
583
582
585
583
582
585
583
582
585
583
582
585
583
582
585
583
582
585
583
582
585
583
582
585
583
582
585
583
582
585
583
582
585
583
582
585
583
582
585
583
582
585
583
582
585
583
582
585
583
582
585
583
582
585
583
582
585
583
582
585
583
582
585
583
582
585
583
582
585
583
582
585
583
582
585
583
582
585
583
582
585
583
582
585
583
582
585
583
582
585
583
582
585
583
582
585
583
582
585
583
582
585
583
582
585
583
582
585
583
582
585
583
582
585
583
582
585
583
582
585
583
582
585
583
582
585
583
582
585
583
582
585
583
582
585
583
582
585
583
582
585
583
582
585
583
582
585
583
582
585
583
582
585
583
582
585
583
582
585
583
582
585
583
582
585
583
582
585
583
582
585
583
582
585
583
582
585
583
582
585
583
582
585
583
582
585
583
582
585
583
582
585
583
582
585
583
582
585
583
582
585
583
582
585
583
582
585
583
582
585
583
582
585
583
582
585
583
582
585
583
582
585
583
582
585
583
582
585
583
582
585
583
582
585
583
582
585
583
582
585
583
582
585
583
582
585
583
582
585
583
582
585
583
582
585
583
582
585
583
582
585
583
582
585
583
582
585
583
582
585
583
582
585
583
582
585
583
582
585
583
582
585
653
791
780
777
788
780
778
785
771
791
780
777
788
780
778
785
771
791
780
777
788
780
778
785
771
791
780
777
788
780
778
785
771
791
780
777
788
780
778
785
771
791
780
777
788
780
778
785
771
807
963
974
964
957
963
974
964
959
961
974
964
975
965
912
979
979
977
974
966
979
977
974
966
979
977
974
920
978
967
974
977
978
967
974
977
978
967
974
979
912
977
981
978
960
982
976
978
960
982
975
959
981
911
983
976
978
959
983
976
978
959
983
976
978
959
935
977
960
981
978
977
960
981
978
977
977
964
978
926
967
979
976
974
967
979
976
974
967
979
976
974
922
965
974
978
977
962
979
959
977
967
974
977
978
917
975
981
978
962
975
981
978
962
975
981
978
962
930
978
959
983
976
978
959
983
976
978
959
983
977
912
981
978
977
960
981
978
977
977
964
978
977
977
923
971
974
967
979
976
962
979
977
961
979
977
962
979
914
977
981
977
961
977
981
977
967
971
981
977
967
927
958
982
975
981
958
982
975
981
958
982
975
981
911
980
978
959
983
976
978
959
983
977
977
963
977
929
966
976
977
977
963
979
977
977
963
979
977
977
918
979
971
967
979
979
971
967
979
979
971
967
979
932
967
971
981
977
967
976
976
977
967
974
976
967
925
981
978
962
975
981
978
962
975
981
978
962
975
913
983
977
977
959
983
977
977
959
983
977
978
962
929
977
963
981
975
977
963
981
975
977
963
981
975
916
979
979
977
961
979
979
977
961
979
979
977
961
934
977
967
974
976
962
977
981
977
961
977
981
977
918
975
959
982
975
979
960
982
975
979
960
982
975
961
932
978
959
983
976
978
959
983
977
977
959
983
977
912
981
978
977
977
964
978
977
977
964
978
977
977
918
976
974
967
979
976
974
967
979
976
974
967
979
932
959
979
967
974
977
978
967
974
977
978
967
974
932
978
962
975
981
978
962
975
981
978
962
975
981
911
983
976
958
983
977
977
959
983
977
979
957
983
929
977
966
976
977
977
963
979
977
977
963
979
977
916
972
967
978
977
974
967
978
977
974
967
979
976
917
977
981
962
974
967
974
977
978
967
974
977
978
917
975
980
960
977
980
960
982
976
978
960
982
975
912
983
977
979
963
975
979
978
959
980
979
978
959
937
972
963
981
978
974
963
981
978
974
963
981
978
960
932
979
977
974
966
979
977
974
970
975
977
974
967
931
967
974
977
962
976
967
974
977
966
974
979
977
917
976
978
960
982
976
978
960
982
975
960
982
975
933
964
975
979
978
959
980
979
978
959
980
979
978
916
978
974
963
981
978
974
965
978
977
960
981
978
926
967
978
977
974
967
979
971
967
979
979
971
967
934
977
967
971
981
977
967
971
981
977
967
971
981
912
982
975
979
960
982
975
979
960
982
975
981
958
933
978
959
983
976
978
963
977
961
977
979
978
962
929
977
963
981
975
977
963
981
975
977
963
980
977
915
979
977
974
970
975
977
974
967
978
977
974
967
935
963
974
977
981
964
974
977
981
964
974
977
981
959
930
981
978
960
977
981
978
960
982
976
978
960
982
928
963
977
978
959
980
979
978
959
980
979
978
959
935
974
963
981
978
974
963
981
978
974
965
978
977
916
978
977
974
967
979
976
974
967
979
976
974
967
934
977
961
977
981
977
961
977
981
977
961
977
981
912
982
976
978
960
982
976
978
960
982
975
979
960
933
979
957
983
977
979
978
962
977
979
978
962
977
913
981
978
974
963
981
978
974
963
981
978
974
963
934
972
967
978
977
974
967
979
976
974
967
979
976
917
977
981
977
959
967
974
977
961
977
981
977
961
932
978
960
982
976
978
960
982
975
979
960
982
975
912
981
979
978
959
980
979
978
959
980
979
978
959
962
947
963
981
978
974
963
981
978
974
963
981
978
977
915
972
967
977
974
965
973
967
977
961
977
974
967
932
961
977
981
977
961
977
981
977
967
971
981
977
917
975
979
960
982
957
978
960
982
975
979
963
977
913
978
964
975
979
978
959
980
978
963
977
977
963
929
977
965
973
963
981
978
974
963
981
978
977
962
925
967
979
979
971
967
979
979
971
967
979
977
961
934
977
967
974
978
960
977
981
964
974
977
981
977
912
980
963
975
980
959
960
982
975
979
960
982
975
963
930
979
958
983
976
978
959
983
977
977
959
983
977
912
981
978
977
977
964
978
977
977
964
978
977
977
918
976
974
967
979
976
974
967
979
976
974
967
979
932
961
977
981
977
961
977
979
967
974
978
977
967
925
981
958
982
975
981
958
982
975
981
958
982
975
933
959
980
978
963
977
963
975
978
959
983
976
978
916
978
977
960
981
978
977
960
981
978
977
960
980
926
967
979
976
974
967
979
976
974
967
979
972
966
932
967
974
977
978
967
974
977
978
967
974
977
978
917
975
981
978
962
975
981
978
962
975
981
978
962
930
978
959
983
976
978
959
983
977
977
959
981
979
916
976
977
977
963
975
963
981
978
974
963
981
978
960
932
979
977
974
966
979
977
974
970
975
977
974
967
931
967
974
977
960
978
967
974
965
973
977
967
974
931
962
975
981
978
962
975
981
978
960
977
981
978
914
979
957
983
977
979
957
983
977
979
957
983
977
929
963
979
977
977
963
979
977
977
963
981
975
977
918
977
961
979
979
977
974
966
979
977
974
966
979
920
974
977
978
967
974
977
978
967
974
977
978
967
925
981
978
962
975
981
978
962
975
981
978
960
977
933
959
983
977
977
959
981
979
957
983
977
979
959
929
963
981
978
974
963
981
978
974
963
981
978
977
915
979
977
974
970
975
977
974
967
971
967
979
979
941
952
977
967
974
978
977
962
977
978
962
979
965
974
930
960
982
975
981
958
982
975
981
958
982
975
981
911
980
979
978
959
980
979
978
959
980
979
978
959
935
974
963
981
978
974
963
981
978
977
960
981
978
926
970
975
977
974
967
978
977
974
967
976
974
967
934
977
961
977
981
977
961
977
981
977
964
953
981
915
959
982
976
978
960
982
976
978
960
982
976
978
916
977
979
957
983
977
979
957
983
977
979
978
962
929
977
963
981
975
977
963
981
975
977
963
981
975
916
979
979
977
961
979
979
977
961
979
979
977
961
934
977
967
974
978
977
967
974
977
978
967
974
977
913
982
975
981
978
962
975
981
978
962
975
981
978
943
949
978
959
983
976
978
959
983
976
978
959
983
977
912
981
978
977
960
981
976
963
978
974
963
981
978
926
966
979
977
974
966
979
977
974
966
979
977
962
934
964
974
977
981
964
974
977
981
977
961
977
981
912
982
976
978
960
982
976
978
960
982
976
978
960
933
979
957
983
977
962
976
978
959
983
977
977
959
935
977
960
981
978
977
961
979
977
977
963
979
977
916
979
979
971
967
979
979
971
967
979
979
971
967
934
977
967
971
981
977
967
976
976
977
967
974
978
912
982
975
981
958
982
977
959
977
981
978
960
977
933
959
983
977
977
959
983
977
977
959
983
977
979
914
978
977
977
965
973
963
981
978
974
963
981
978
940
952
979
977
974
966
979
977
974
966
979
977
974
971
927
967
974
977
978
967
974
977
981
964
974
977
981
914
975
981
959
982
976
959
979
960
977
980
960
982
930
957
983
977
979
957
983
977
979
978
962
977
979
913
981
973
963
981
978
974
963
979
976
964
978
975
918
979
971
967
979
979
971
967
979
979
977
961
979
932
967
976
976
977
967
974
978
977
967
974
978
977
917
977
978
962
975
981
978
962
975
981
978
962
975
933
959
983
976
978
959
983
977
977
959
983
977
977
916
978
977
977
964
978
977
977
961
961
981
978
974
918
979
972
967
976
974
967
979
977
961
979
977
974
925
973
967
974
977
978
962
979
977
961
977
981
977
963
585
590
581
585
584
581
585
584
581
585
584
581
585
584
581
585
584
581
585
584
581
585
584
581
585
584
581
585
584
581
585
584
581
585
584
581
585
584
581
585
584
581
585
584
581
585
584
581
585
584
581
585
584
581
585
584
581
585
584
581
585
584
581
585
584
581
585
584
581
585
584
581
585
584
581
585
584
581
585
584
581
585
584
581
585
584
581
585
584
581
585
584
581
585
584
581
585
584
581
585
584
581
585
584
581
585
584
581
585
584
581
585
584
581
585
584
581
585
584
581
585
584
581
585
584
581
585
584
581
585
584
581
585
584
581
585
584
581
585
584
581
585
584
581
585
584
581
585
584
581
585
584
581
585
584
581
585
584
581
585
584
581
585
584
581
585
584
581
585
584
581
585
584
581
585
584
581
585
584
581
585
584
581
585
584
581
585
584
581
585
584
581
585
584
581
585
584
581
585
584
581
585
584
581
585
584
581
585
584
581
585
584
581
585
584
581
585
584
581
585
584
581
585
584
581
585
584
581
585
584
581
585
584
581
585
584
581
585
584
581
585
584
581
585
584
581
585
584
581
585
584
581
585
584
581
585
584
581
585
584
581
585
584
581
585
584
581
585
584
581
585
584
581
585
584
581
585
584
581
585
584
581
585
584
581
585
584
581
585
584
581
585
584
581
585
584
581
585
584
581
585
584
581
585
592
788
783
775
787
776
783
785
773
788
783
775
787
776
783
785
773
788
783
775
787
776
783
785
773
788
783
775
787
776
783
785
773
788
783
775
787
776
783
785
773
788
783
775
787
776
783
785
773
788
924
969
969
970
969
960
979
969
969
960
979
969
969
916
980
976
978
962
979
977
978
962
979
977
978
962
930
980
958
982
976
980
958
982
976
980
958
982
976
931
961
980
978
977
961
982
976
977
961
982
976
977
917
978
977
961
979
977
976
965
978
977
976
965
978
924
970
978
977
962
979
977
961
978
980
977
971
968
933
962
979
975
980
962
979
975
980
962
979
975
980
916
976
980
978
962
976
980
959
978
980
978
960
982
927
961
982
978
975
961
982
978
978
958
982
978
978
917
975
977
976
965
978
977
976
965
978
977
976
965
959
943
970
978
980
968
970
978
980
968
970
978
980
977
912
982
978
962
980
976
978
962
979
977
978
962
975
934
962
976
980
978
962
976
980
978
962
976
980
978
916
976
977
961
982
976
959
982
978
978
958
982
978
927
968
975
977
976
965
978
974
966
978
973
965
980
931
971
968
980
977
971
968
980
977
971
973
975
977
917
975
980
962
979
975
982
960
979
