1.883
1.893
1.889
1.635
1.417
1.409
1.414
1.41
1.412
1.416
4.316
4.85
4.966
5.011
4.811
5.019
4.607
4.996
4.99
4.828
5.025
4.901
4.701
4.945
4.874
5.024
4.85
4.966
4.814
4.788
5.023
4.823
4.996
4.99
4.828
4.797
4.811
5.019
4.945
4.874
5.024
4.578
5.025
4.901
4.914
5.023
4.823
4.784
4.85
4.966
5.011
4.811
5.019
4.945
4.658
4.99
4.828
5.025
4.901
4.914
4.732
4.874
5.024
4.85
4.966
5.011
4.591
5.023
4.823
4.996
4.99
4.828
4.818
4.79
5.019
4.945
4.874
5.024
4.85
4.753
4.901
4.914
5.023
4.823
4.996
4.638
4.966
5.011
4.811
5.019
4.945
4.658
4.99
4.828
5.025
4.901
4.914
5.023
4.583
5.024
4.85
4.966
5.011
4.811
4.803
4.823
4.996
4.99
4.828
5.025
4.583
5.019
4.945
4.874
5.024
4.85
4.758
4.896
4.914
5.023
4.823
4.996
4.99
4.614
5.011
4.811
5.019
4.945
4.874
4.774
4.828
5.025
4.901
4.914
5.023
4.583
5.024
4.85
4.966
5.011
4.811
5.019
4.607
4.996
4.99
4.828
5.025
4.901
4.701
4.945
4.874
5.024
4.85
4.966
4.688
4.914
5.023
4.823
4.996
4.99
4.618
5.007
4.811
5.019
4.945
4.874
5.024
4.578
5.025
4.901
4.914
5.023
4.823
4.784
4.85
4.966
5.011
4.811
5.019
4.607
4.996
4.99
4.828
5.025
4.901
4.914
4.732
4.874
5.024
4.85
4.966
5.011
4.591
5.023
4.823
4.996
4.99
4.828
4.797
4.811
5.019
4.945
4.874
5.024
4.578
5.025
4.901
4.914
5.023
4.823
4.996
4.638
4.966
5.011
4.811
5.019
4.945
4.658
4.99
4.828
5.025
4.901
4.914
4.732
4.874
5.024
4.85
4.966
5.011
4.811
4.803
4.823
4.996
4.99
4.828
5.025
4.583
5.019
4.945
4.874
5.024
4.85
4.753
4.901
4.914
5.023
4.823
4.996
4.638
4.966
5.011
4.811
5.019
4.945
4.874
4.774
4.828
5.025
4.901
4.914
5.023
4.583
5.024
4.85
4.966
5.011
4.811
4.803
4.823
4.996
4.99
4.828
5.025
4.901
4.701
4.945
4.874
5.024
4.85
4.966
4.688
4.914
5.023
4.823
4.996
4.99
4.614
5.011
4.811
5.019
4.945
4.874
4.774
4.828
5.025
4.901
4.914
5.023
4.823
4.784
4.85
4.966
5.011
4.811
5.019
4.607
4.996
4.99
4.828
5.025
4.901
4.701
4.945
4.874
5.024
4.85
4.966
5.011
4.591
5.023
4.823
4.996
4.99
4.828
4.797
4.811
5.019
4.945
4.874
5.024
4.578
5.025
4.901
4.914
5.023
4.823
4.784
4.85
4.966
5.011
4.811
5.019
4.945
4.658
4.99
4.828
5.025
4.901
4.914
4.732
4.874
5.024
4.85
4.966
5.011
4.591
5.023
4.823
4.996
4.99
4.828
5.025
4.583
5.019
4.945
4.874
5.024
4.85
4.753
4.901
4.914
5.023
4.823
4.996
4.638
4.966
5.011
4.811
5.019
4.945
4.658
4.99
4.828
5.025
4.901
4.914
5.023
4.583
5.024
4.85
4.966
5.011
4.811
4.803
4.823
4.996
4.99
4.828
5.025
4.583
5.019
4.945
4.874
5.024
4.85
4.966
4.688
4.914
5.023
4.823
4.996
4.99
4.614
5.011
4.811
5.019
4.945
4.874
4.64873
1
1
1
1
1
1
1
1
1
1
1
1
1
1
1
1
1
1
1
1
1
1
1
1
1
1
1
1
1
1
1
1
1
1
1
1
1
1
1
1
1
1
1
1
1
1
1
1
1
1
1
1
1
1
1
1
1
1
1
1
1
1
1
1
1
1
1
1
1
1
1
1
1
1
1
1
1
1
1
1
1
1
1
1
1
1
1
1
1
1
1
1
1
1
1
1
1
1
1
1
1
1
1
1
1
1
1
1
1
1
1
1
1
1
1
1
1
1
1
1
1
1
1
1
1
1
1
1
1
1
1
1
1
1
1
1
1
1
1
1
1
1
1
1
1
1
1
1
1
1
1
1
1
1
1
1
1
1
1
1
1
1
1
1
1
1
1
1
1
1
1
1
1
1
1
1
1
1
1
1
1
1
1
1
1
1
1
1
1
1
1
1
1
1
1
1
1
1
1
1
1
1
1
1
1
1
1
1
1
1
1
1
1
1
1
1
1
1
1
1
1
1
1
1
1
1
1
1
1
1
1
1
1
1
1
1
1
1
1
1
1
1
1
1
1
1
1
1
1
1
1
1
1
1
1
1
1
1
1
1
1
1
1
1
1
1
1
1
1
1
1
1
1
1
1
1
1
1
1
1
1
1
1
1
1
1
1
1
1
1
1
1
1
1
1
1
1
1
1
1
1
1
1
1
1
1
1
1
1
1
1
1
1
1
1
1
1
1
1
1
1
1
1
1
1
1
1
1
1
1
1
1
1
1
1
1
1
1
1
1
1
1
1
1
1
1
1
1
1
1
1
1
1
1
1
1
1
1
1
1
1
1
1
1
1
1
1
1
1
1
1
1
1
1
1
1
1
1
1
1
1
1
1
1
1
1
1
1
1
1
1
1
1
1
1
1
1
1
1
1
1
1
1
1
1
1
1
1
1
1
1
1
1
1
1
1
1
1
1
1
1
1
1
1
1
1
1
1
1
1
1
1
1
1
1
1
1
1
1
1
1
1
1
1
1
1
1
1
1
1
1
1
1
1
1
1
1
1
1
1
1
1
1
1
1
1
1
1
1
1
1
1
1
1
1
1
1
1
1
1
1
1
1
1
1
1
1
1
1
1
1
1
1
1
1
1
1
1
1
1
1
1
1
1
1
1
1
1
1
1
1
1
1
1
1
1
1
1
1
1
1
1
1
1
1
1
1
1
1
1
1
1
1
1
1
1
1
1
1
1
1
1
1
1
1
1
1
1
1
1
1
1
1
1
1
1
1
1
1
1
1
1
1
1
1
1
1
1
1
1
1
1
1
1
1
1
1
1
1
1
1
1
1
1
1
1
1
1
1
1
1
1
1
1
1
1
1
1
1
1
1
1
1
1
1
1
1
1
1
1
1
1
1
1
1
1
1
1
1
1
1
1
1
1
1
1
1
1
1
1
1
1
1
1
1
1
1
1
1
1
1
1
1
1
1
1
1
1
1
1
1
1
1
1
1
1
1
1
1
1
1
1
1
1
1
1
1
1
1
1
1
1
1
1
1
1
1
1
1
1
1
1
1
1
1
1
1
1
1
1
1
1
1
1
1
1
1
1
1
1
1
1
1
1
1
1
1
1
1
1
1
1
1
1
1
1
1
1
1
1
1
1
1
1
1
1
1
1
1
1
1
1
1
1
1
1
1
1
1
1
1
1
1
1
1
1
1
1
1
1
1
1
1
1
1
1
1
1
1
1
1
1
1
1
1
1
1
1
1
1
1
1
1
1
1
1
1
1
1
1
1
1
1
1
1
1
1
1
1
1
1
1
1
1
1
1
1
1
1
1
1
1
1
1
1
1
1
1
1
1
1
1
1
1
1
1
1
1
1
1
1
1
1
1
1
1
1
1
1
1
1
1
1
1
1
1
1
1
1
1
1
1
1
1
1
1
1
1
1
1
1
1
1
1
1
1
1
1
1
1
1
1
1
1
1
1
1
1
1
1
1
1
1
1
1
1
1
1
1
1
1
1
1
1
1
1
1
1
1
1
1
1
1
1
1
1
1
1
1
1
1
1
1
1
1
1
1
1
1
1
1
1
1
1
1
1
1
1
1
1
1
1
1
1
1
1
1
1
1
1
1
1
1
1
1
1
1
1
1
1
1
1
1
1
1
1
1
1
1
1
1
1
1
1
1
1
1
1
1
1
1
1
1
1
1
1
1
1
1
1
1
1
1
1
1
1
1
1
1
1
1
1
1
1
1
1
1
1
1
1
1
1
1
1
1
1
1
1
1
1
1
1
1
1
1
1
1
1
1
1
1
1
1
1
1
1
1
1
1
1
1
1
1
1
1
1
1
1
1
1
1
1
1
1
1
1
1
1
1
1
1
1
1
1
1
1
1
1
1
1
1
1
1
1
1
1
1
1
1
1
1
1
1
1
1
1
1
1
1
1
1
1
1
1
1
1
1
1
1
1
1
1
1
1
1
1
1
1
1
1
1
1
1
1
1
1
1
1
1
1
1
1
1
1
1
1
1
1
1
1
1
1
1
1
1
1
1
1
1
1
1
1
1
1
1
1
1
1
1
1
1
1
1
1
1
1
1
1
1
1
1
1
1
1
1
1
1
1
1
1
1
1
1
1
1
1
1
1
1
1
1
1
1
1
1
1
1
1
1
1
1
1
1
1
1
1
1
1
1
1
1
1
1
1
1
1
1
1
1
1
1
1
1
1
1
1
1
1
1
1
1
1
1
1
1
1
1
1
1
1
1
1
1
1
1
1
1
1
1
1
1
1
1
1
1
1
1
1
1
1
1
1
1
1
1
1
1
1
1
1
1
1
1
1
1
1
1
1
1
1
1
1
1
1
1
1
1
1
1
1
1
1
1
1
1
1
1
1
1
1
1
1
1
1
1
1
1
1
1
1
1
1
1
1
1
1
1
1
1
1
1
1
1
1
1
1
1
1
1
1
1
1
1
1
1
1
1
1
1
1
1
1
1
1
1
1
1
1
1
1
1
1
1
1
1
1
1
1
1
1
1
1
1
1
1
1
1
1
1
1
1
1
1
1
1
1
1
1
1
1
1
1
1
1
1
1
1
1
1
1
1
1
1
1
1
1
1
1
1
1
1
1
1
1
1
1
1
1
1
1
1
1
1
1
1
1
1
1
1
1
1
1
1
1
1
1
1
1
1
1
1
1
1
1
1
1
1
1
1
1
1
1
1
1
1
1
1
1
1
1
1
1
1
1
1
1
1
1
1
1
1
1
1
1
1
1
1
1
1
1
1
1
1
1
1
1
1
1
1
1
1
1
1
1
1
1
1
1
1
1
1
1
1
1
1
1
1
1
1
1
1
1
1
1
1
1
1
1
1
1
1
1
1
1
1
1
1
1
1
1
1
1
1
1
1
1
1
1
1
1
1
1
1
1
1
1
1
1
1
1
1
1
1
1
1
1
1
1
1
1
1
1
1
1
1
1
1
1
1
1
1
1
1
1
1
1
1
1
1
1
1
1
1
1
1
1
1
1
1
1
1
1
1
1
1
1
1
1
1
1
1
1
1
1
1
1
1
1
1
1
1
1
1
1
1
1
1
1
1
1
1
1
1
1
1
1
1
1
1
1
1
1
1
1
1
1
1
1
1
1
1
1
1
1
1
1
1
1
1
1
1
1
1
1
1
1
1
1
1
1
1
1
1
1
1
1
1
1
1
1
1
1
1
1
1
1
1
1
1
1
1
1
1
1
1
1
1
1
1
1
1
1
1
1
1
1
1
1
1
1
1
1
1
1
1
1
1
1
1
1
1
1
1
1
1
1
1
1
1
1
1
